step,mean,ci_down,ci_up
10000.0,-0.09,-0.09,-0.09
12000.0,-0.13,-0.13,-0.13
14000.0,-0.15,-0.15,-0.15
16000.0,-0.18,-0.18,-0.18
18000.0,-0.21,-0.21,-0.21
20000.0,-0.23,-0.23,-0.23
22000.0,-0.25,-0.25,-0.25
24000.0,-0.27,-0.27,-0.27
26000.0,-0.29,-0.29,-0.29
28000.0,-0.33,-0.33,-0.33
30000.0,-0.35,-0.35,-0.35
32000.0,-0.36,-0.36,-0.36
34000.0,-0.37,-0.37,-0.37
36000.0,-0.43,-0.43,-0.43
38000.0,-0.49,-0.49,-0.49
40000.0,-0.53,-0.53,-0.53
42000.0,-0.57,-0.57,-0.57
44000.0,-0.63,-0.63,-0.63
46000.0,-0.65,-0.65,-0.65
48000.0,-0.69,-0.69,-0.69
50000.0,-0.70,-0.70,-0.70
52000.0,-0.71,-0.71,-0.71
54000.0,-0.74,-0.74,-0.74
56000.0,-0.78,-0.78,-0.78
58000.0,-0.80,-0.80,-0.80
60000.0,-0.82,-0.82,-0.82
62000.0,-0.83,-0.83,-0.83
64000.0,-0.85,-0.85,-0.85
66000.0,-0.86,-0.86,-0.86
68000.0,-0.87,-0.87,-0.87
70000.0,-0.88,-0.88,-0.88
72000.0,-0.88,-0.88,-0.88
74000.0,-0.88,-0.88,-0.88
76000.0,-0.89,-0.89,-0.89
78000.0,-0.90,-0.90,-0.90
80000.0,-0.91,-0.91,-0.91
82000.0,-0.93,-0.93,-0.93
84000.0,-0.94,-0.94,-0.94
86000.0,-0.94,-0.94,-0.94
88000.0,-0.94,-0.94,-0.94
90000.0,-0.95,-0.95,-0.95
92000.0,-0.96,-0.96,-0.96
94000.0,-0.96,-0.96,-0.96
96000.0,-0.96,-0.96,-0.96
98000.0,-0.97,-0.97,-0.97
100000.0,-1.00,-1.00,-1.00
