step,mean,ci_down,ci_up
10000.0,44.20,44.20,44.20
12000.0,62.45,57.96,66.94
14000.0,61.24,31.55,90.94
16000.0,57.50,47.19,67.81
18000.0,76.43,72.12,80.73
20000.0,100.66,81.57,119.74
22000.0,95.15,88.83,101.47
24000.0,72.44,41.13,103.76
26000.0,75.78,42.05,109.51
28000.0,69.28,45.90,92.66
30000.0,73.77,59.05,88.49
32000.0,80.11,66.35,93.88
34000.0,79.28,66.27,92.29
36000.0,71.56,63.65,79.47
38000.0,68.90,52.09,85.70
40000.0,73.95,59.15,88.74
42000.0,76.43,67.54,85.31
44000.0,76.72,63.80,89.65
46000.0,84.43,70.50,98.36
48000.0,82.75,66.03,99.47
50000.0,86.09,75.78,96.39
52000.0,91.12,82.09,100.15
54000.0,83.05,73.24,92.87
56000.0,76.23,68.63,83.83
58000.0,83.59,77.92,89.26
60000.0,91.83,83.87,99.78
62000.0,87.31,82.69,91.93
64000.0,92.81,86.95,98.68
66000.0,96.47,85.15,107.79
68000.0,92.32,80.80,103.84
70000.0,87.40,80.24,94.56
72000.0,88.50,81.29,95.70
74000.0,96.82,86.77,106.88
76000.0,98.16,89.70,106.63
78000.0,92.34,85.66,99.02
80000.0,100.60,90.43,110.77
82000.0,100.81,91.89,109.73
84000.0,101.26,88.64,113.89
86000.0,98.33,94.43,102.23
88000.0,95.10,87.45,102.75
90000.0,107.87,99.97,115.77
92000.0,97.92,86.23,109.60
94000.0,97.65,86.56,108.74
96000.0,111.20,99.08,123.31
98000.0,99.24,92.82,105.66
100000.0,99.18,89.52,108.84
