step,mean,ci_down,ci_up
30000.0,16.96,15.40,18.52
32000.0,35.22,32.25,38.20
34000.0,51.04,47.01,55.07
36000.0,67.33,62.81,71.84
38000.0,85.71,80.38,91.05
40000.0,103.53,97.40,109.66
42000.0,121.76,114.49,129.02
44000.0,139.63,132.18,147.08
46000.0,157.69,150.19,165.19
48000.0,176.04,167.91,184.17
50000.0,193.90,184.83,202.96
52000.0,211.41,202.02,220.80
54000.0,227.65,217.89,237.42
56000.0,244.47,233.99,254.95
58000.0,261.73,251.08,272.39
60000.0,277.92,267.20,288.64
62000.0,294.27,283.23,305.30
64000.0,310.59,299.13,322.06
66000.0,327.45,315.28,339.62
68000.0,343.80,331.39,356.20
70000.0,361.10,348.02,374.18
72000.0,378.24,364.65,391.84
74000.0,395.37,380.91,409.82
76000.0,411.43,396.96,425.90
78000.0,429.14,414.35,443.94
80000.0,445.94,431.10,460.78
82000.0,463.35,448.26,478.43
84000.0,480.22,465.05,495.40
86000.0,497.80,482.58,513.01
88000.0,514.43,499.13,529.73
90000.0,530.33,515.00,545.65
92000.0,547.27,531.53,563.00
94000.0,565.47,549.06,581.87
96000.0,582.37,565.40,599.33
98000.0,600.55,583.18,617.92
100000.0,619.29,601.46,637.12
