step,mean,ci_down,ci_up
30000.0,-0.01,-0.01,-0.00
32000.0,-0.01,-0.01,-0.01
34000.0,-0.02,-0.02,-0.01
36000.0,-0.02,-0.03,-0.01
38000.0,-0.02,-0.03,-0.02
40000.0,-0.03,-0.03,-0.02
42000.0,-0.03,-0.04,-0.02
44000.0,-0.04,-0.04,-0.03
46000.0,-0.04,-0.05,-0.03
48000.0,-0.04,-0.05,-0.03
50000.0,-0.05,-0.06,-0.03
52000.0,-0.05,-0.06,-0.04
54000.0,-0.05,-0.07,-0.04
56000.0,-0.06,-0.07,-0.04
58000.0,-0.06,-0.07,-0.05
60000.0,-0.06,-0.08,-0.05
62000.0,-0.07,-0.08,-0.05
64000.0,-0.07,-0.09,-0.05
66000.0,-0.07,-0.09,-0.06
68000.0,-0.08,-0.10,-0.06
70000.0,-0.09,-0.10,-0.07
72000.0,-0.09,-0.11,-0.07
74000.0,-0.09,-0.11,-0.07
76000.0,-0.10,-0.12,-0.08
78000.0,-0.10,-0.12,-0.08
80000.0,-0.10,-0.13,-0.08
82000.0,-0.11,-0.13,-0.08
84000.0,-0.11,-0.14,-0.09
86000.0,-0.12,-0.14,-0.09
88000.0,-0.12,-0.15,-0.09
90000.0,-0.12,-0.15,-0.09
92000.0,-0.13,-0.16,-0.09
94000.0,-0.13,-0.16,-0.10
96000.0,-0.13,-0.16,-0.10
98000.0,-0.13,-0.17,-0.10
100000.0,-0.14,-0.17,-0.11
