step,mean,ci_down,ci_up
0.0,-0.12,-0.13,-0.12
2000.0,-0.18,-0.19,-0.17
4000.0,-0.21,-0.23,-0.20
6000.0,-0.24,-0.26,-0.23
8000.0,-0.27,-0.29,-0.25
10000.0,-0.30,-0.32,-0.27
12000.0,-0.32,-0.35,-0.29
14000.0,-0.34,-0.37,-0.30
16000.0,-0.36,-0.39,-0.32
18000.0,-0.38,-0.42,-0.33
20000.0,-0.39,-0.44,-0.35
22000.0,-0.41,-0.46,-0.36
24000.0,-0.42,-0.48,-0.37
26000.0,-0.44,-0.49,-0.38
28000.0,-0.45,-0.51,-0.39
30000.0,-0.46,-0.53,-0.40
32000.0,-0.48,-0.54,-0.41
34000.0,-0.49,-0.56,-0.42
36000.0,-0.50,-0.57,-0.43
38000.0,-0.51,-0.59,-0.44
40000.0,-0.52,-0.60,-0.45
42000.0,-0.53,-0.61,-0.46
44000.0,-0.54,-0.62,-0.46
46000.0,-0.55,-0.64,-0.47
48000.0,-0.56,-0.65,-0.48
50000.0,-0.57,-0.66,-0.48
52000.0,-0.58,-0.67,-0.49
54000.0,-0.59,-0.68,-0.50
56000.0,-0.60,-0.69,-0.50
58000.0,-0.61,-0.70,-0.51
60000.0,-0.62,-0.71,-0.52
62000.0,-0.62,-0.72,-0.52
64000.0,-0.63,-0.73,-0.53
66000.0,-0.64,-0.74,-0.54
68000.0,-0.65,-0.75,-0.54
70000.0,-0.65,-0.76,-0.55
72000.0,-0.66,-0.77,-0.55
74000.0,-0.67,-0.78,-0.56
76000.0,-0.68,-0.79,-0.56
78000.0,-0.68,-0.80,-0.57
80000.0,-0.69,-0.81,-0.57
82000.0,-0.70,-0.82,-0.57
84000.0,-0.71,-0.83,-0.58
86000.0,-0.71,-0.84,-0.59
88000.0,-0.72,-0.84,-0.59
90000.0,-0.72,-0.85,-0.59
92000.0,-0.73,-0.86,-0.60
94000.0,-0.74,-0.87,-0.60
96000.0,-0.74,-0.87,-0.61
98000.0,-0.74,-0.88,-0.61
100000.0,-0.75,-0.88,-0.61
