step,mean,ci_down,ci_up
0.0,25.79,25.01,26.57
2000.0,77.36,73.95,80.78
4000.0,146.49,140.15,152.82
6000.0,225.86,217.08,234.63
8000.0,309.95,299.09,320.82
10000.0,397.53,383.54,411.51
12000.0,483.81,466.97,500.64
14000.0,574.26,555.38,593.13
16000.0,666.68,645.22,688.14
18000.0,760.29,736.60,783.98
20000.0,854.30,828.20,880.40
22000.0,948.15,919.53,976.78
24000.0,1045.93,1016.17,1075.68
26000.0,1145.07,1113.89,1176.25
28000.0,1246.12,1213.23,1279.01
30000.0,1347.86,1313.14,1382.58
32000.0,1449.25,1413.24,1485.25
34000.0,1549.33,1511.30,1587.35
36000.0,1648.08,1607.94,1688.23
38000.0,1748.48,1707.23,1789.72
40000.0,1850.94,1808.15,1893.72
42000.0,1957.10,1913.16,2001.04
44000.0,2062.88,2017.39,2108.37
46000.0,2163.71,2116.85,2210.56
48000.0,2268.60,2220.01,2317.19
50000.0,2372.12,2322.01,2422.24
52000.0,2474.20,2423.34,2525.05
54000.0,2579.23,2527.64,2630.83
56000.0,2686.25,2633.02,2739.49
58000.0,2792.71,2738.82,2846.60
60000.0,2896.61,2841.65,2951.57
62000.0,3000.15,2944.34,3055.95
64000.0,3102.00,3045.26,3158.73
66000.0,3208.58,3151.15,3266.02
68000.0,3313.16,3254.09,3372.24
70000.0,3417.60,3356.38,3478.83
72000.0,3523.69,3460.42,3586.96
74000.0,3630.58,3565.76,3695.40
76000.0,3736.76,3670.12,3803.40
78000.0,3841.06,3773.46,3908.66
80000.0,3949.67,3881.15,4018.19
82000.0,4056.38,3986.63,4126.12
84000.0,4162.51,4092.30,4232.71
86000.0,4270.37,4199.27,4341.48
88000.0,4377.55,4305.80,4449.30
90000.0,4484.79,4412.42,4557.17
92000.0,4592.60,4519.52,4665.67
94000.0,4698.22,4624.48,4771.97
96000.0,4805.78,4731.69,4879.87
98000.0,4909.98,4835.25,4984.71
100000.0,5015.75,4941.10,5090.39
