step,mean,ci_down,ci_up
30000.0,102.39,98.59,106.19
32000.0,205.43,198.68,212.18
34000.0,307.50,297.91,317.10
36000.0,414.63,403.43,425.84
38000.0,518.99,505.67,532.32
40000.0,622.02,606.98,637.06
42000.0,726.40,709.19,743.62
44000.0,830.28,812.30,848.26
46000.0,931.63,913.10,950.17
48000.0,1035.38,1015.58,1055.19
50000.0,1140.79,1119.06,1162.52
52000.0,1246.56,1223.95,1269.16
54000.0,1353.58,1330.00,1377.16
56000.0,1457.65,1433.05,1482.25
58000.0,1561.47,1536.47,1586.47
60000.0,1665.95,1640.62,1691.28
62000.0,1773.94,1748.23,1799.66
64000.0,1882.18,1854.89,1909.47
66000.0,1990.84,1962.06,2019.63
68000.0,2098.27,2068.13,2128.41
70000.0,2202.91,2172.12,2233.70
72000.0,2310.05,2278.59,2341.51
74000.0,2416.93,2384.21,2449.65
76000.0,2524.08,2490.26,2557.89
78000.0,2628.21,2593.30,2663.11
80000.0,2734.72,2699.71,2769.73
82000.0,2844.06,2808.65,2879.47
84000.0,2952.92,2917.45,2988.39
86000.0,3058.16,3022.19,3094.12
88000.0,3167.67,3130.72,3204.62
90000.0,3278.70,3240.15,3317.25
92000.0,3386.24,3346.19,3426.28
94000.0,3492.22,3450.43,3534.02
96000.0,3598.35,3554.94,3641.75
98000.0,3704.58,3660.13,3749.02
100000.0,3810.40,3764.78,3856.02
