step,mean,ci_down,ci_up
0.0,1.55,1.20,1.90
2000.0,9.33,7.72,10.94
4000.0,20.18,17.66,22.71
6000.0,33.92,30.42,37.42
8000.0,48.29,43.94,52.63
10000.0,63.47,58.61,68.33
12000.0,78.55,73.05,84.05
14000.0,95.24,89.20,101.29
16000.0,110.67,103.99,117.36
18000.0,127.61,120.16,135.07
20000.0,144.67,137.04,152.30
22000.0,163.06,155.35,170.78
24000.0,180.61,172.59,188.64
26000.0,198.86,190.09,207.63
28000.0,216.59,207.38,225.80
30000.0,233.55,223.85,243.25
32000.0,251.82,241.21,262.42
34000.0,267.63,256.34,278.92
36000.0,283.92,272.21,295.63
38000.0,302.31,290.34,314.28
40000.0,320.12,307.96,332.29
42000.0,338.35,325.56,351.13
44000.0,356.22,343.33,369.12
46000.0,374.29,361.36,387.22
48000.0,392.63,379.64,405.63
50000.0,410.49,397.13,423.85
52000.0,428.00,414.39,441.61
54000.0,444.24,430.74,457.74
56000.0,461.06,447.25,474.87
58000.0,478.33,464.60,492.05
60000.0,494.51,480.97,508.05
62000.0,510.86,497.34,524.38
64000.0,527.18,513.53,540.83
66000.0,544.04,529.98,558.10
68000.0,560.39,546.32,574.46
70000.0,577.69,563.39,592.00
72000.0,594.84,579.99,609.69
74000.0,611.96,596.41,627.51
76000.0,628.02,612.41,643.63
78000.0,645.73,630.07,661.40
80000.0,662.53,646.78,678.28
82000.0,679.94,663.91,695.97
84000.0,696.82,680.53,713.11
86000.0,714.39,698.11,730.67
88000.0,731.02,714.83,747.21
90000.0,746.92,730.95,762.89
92000.0,763.86,747.70,780.01
94000.0,782.06,765.27,798.86
96000.0,798.96,781.69,816.23
98000.0,817.14,799.46,834.83
100000.0,835.88,817.67,854.09
