step,mean,ci_down,ci_up
0.0,25.79,25.14,26.44
2000.0,51.57,48.95,54.19
4000.0,69.12,65.89,72.36
6000.0,79.37,76.44,82.29
8000.0,84.10,80.91,87.29
10000.0,87.57,83.86,91.28
12000.0,86.28,82.89,89.67
14000.0,90.45,87.57,93.33
16000.0,92.42,88.98,95.87
18000.0,93.61,90.44,96.78
20000.0,94.01,90.58,97.45
22000.0,93.85,90.04,97.66
24000.0,97.77,94.73,100.81
26000.0,99.15,96.01,102.28
28000.0,101.04,98.30,103.79
30000.0,101.75,98.78,104.72
32000.0,101.38,98.47,104.30
34000.0,100.08,96.98,103.18
36000.0,98.76,95.30,102.22
38000.0,100.39,96.81,103.98
40000.0,102.46,99.51,105.40
42000.0,106.17,102.76,109.58
44000.0,105.78,102.01,109.54
46000.0,100.83,97.35,104.31
48000.0,104.89,101.41,108.38
50000.0,103.52,99.85,107.19
52000.0,102.07,98.75,105.40
54000.0,105.04,101.88,108.19
56000.0,107.02,103.78,110.26
58000.0,106.46,102.84,110.08
60000.0,103.90,100.58,107.21
62000.0,103.54,100.41,106.66
64000.0,101.85,98.94,104.76
66000.0,106.59,103.49,109.69
68000.0,104.58,101.15,108.01
70000.0,104.44,100.39,108.48
72000.0,106.08,102.66,109.51
74000.0,106.89,103.62,110.16
76000.0,106.18,102.38,109.99
78000.0,104.30,101.60,106.99
80000.0,108.61,105.38,111.84
82000.0,106.71,103.54,109.88
84000.0,106.13,103.02,109.24
86000.0,107.87,105.10,110.63
88000.0,107.18,104.03,110.33
90000.0,107.24,104.42,110.06
92000.0,107.80,104.06,111.55
94000.0,105.63,102.13,109.12
96000.0,107.56,104.83,110.29
98000.0,104.20,101.05,107.35
100000.0,105.77,102.30,109.23
