step,mean,ci_down,ci_up
0.0,1.52,1.25,1.79
2000.0,9.08,8.05,10.11
4000.0,12.94,11.81,14.07
6000.0,13.28,11.93,14.63
8000.0,12.70,11.52,13.88
10000.0,12.02,10.83,13.21
12000.0,14.68,13.31,16.05
14000.0,15.08,13.54,16.62
16000.0,15.46,14.11,16.81
18000.0,16.04,14.55,17.53
20000.0,16.30,14.74,17.86
22000.0,17.14,15.85,18.43
24000.0,16.56,15.10,18.02
26000.0,15.06,13.84,16.28
28000.0,14.50,13.21,15.79
30000.0,14.98,13.70,16.26
32000.0,15.04,13.52,16.56
34000.0,16.52,15.25,17.79
36000.0,18.02,16.61,19.43
38000.0,16.56,15.18,17.94
40000.0,16.32,15.17,17.47
42000.0,15.88,14.55,17.21
44000.0,14.68,13.15,16.21
46000.0,16.14,14.62,17.66
48000.0,15.76,14.40,17.12
50000.0,15.80,14.45,17.15
52000.0,17.24,15.82,18.66
54000.0,15.88,14.54,17.22
56000.0,15.14,13.63,16.65
58000.0,15.44,14.16,16.72
60000.0,17.22,15.88,18.56
62000.0,17.82,16.61,19.03
64000.0,18.74,17.54,19.94
66000.0,16.56,15.13,17.99
68000.0,16.50,15.09,17.91
70000.0,17.06,15.70,18.42
72000.0,16.94,15.56,18.32
74000.0,16.62,15.16,18.08
76000.0,16.46,15.13,17.79
78000.0,17.34,15.87,18.81
80000.0,16.76,15.14,18.38
82000.0,17.34,16.08,18.60
84000.0,17.72,16.20,19.24
86000.0,17.20,16.05,18.35
88000.0,16.50,15.24,17.76
90000.0,16.22,14.87,17.57
92000.0,17.06,15.53,18.59
94000.0,17.78,16.24,19.32
96000.0,15.94,14.61,17.27
98000.0,17.32,16.04,18.60
100000.0,17.90,16.46,19.34
