step,mean,ci_down,ci_up
0.0,-0.10,-0.13,-0.08
2000.0,-0.16,-0.19,-0.13
4000.0,-0.22,-0.28,-0.16
6000.0,-0.24,-0.30,-0.18
8000.0,-0.26,-0.32,-0.20
10000.0,-0.28,-0.34,-0.21
12000.0,-0.29,-0.36,-0.22
14000.0,-0.30,-0.37,-0.23
16000.0,-0.31,-0.38,-0.24
18000.0,-0.31,-0.38,-0.24
20000.0,-0.32,-0.39,-0.25
22000.0,-0.33,-0.39,-0.26
24000.0,-0.33,-0.40,-0.27
26000.0,-0.34,-0.41,-0.27
28000.0,-0.35,-0.41,-0.28
30000.0,-0.35,-0.42,-0.28
32000.0,-0.36,-0.43,-0.29
34000.0,-0.37,-0.44,-0.29
36000.0,-0.37,-0.44,-0.30
38000.0,-0.38,-0.45,-0.30
40000.0,-0.38,-0.46,-0.30
42000.0,-0.38,-0.46,-0.30
44000.0,-0.38,-0.46,-0.31
46000.0,-0.39,-0.47,-0.31
48000.0,-0.39,-0.47,-0.31
50000.0,-0.39,-0.47,-0.31
52000.0,-0.40,-0.48,-0.31
54000.0,-0.40,-0.49,-0.32
56000.0,-0.41,-0.49,-0.32
58000.0,-0.41,-0.49,-0.32
60000.0,-0.41,-0.50,-0.32
62000.0,-0.41,-0.50,-0.33
64000.0,-0.42,-0.51,-0.33
66000.0,-0.42,-0.51,-0.33
68000.0,-0.42,-0.51,-0.33
70000.0,-0.42,-0.51,-0.33
72000.0,-0.42,-0.51,-0.33
74000.0,-0.42,-0.52,-0.33
76000.0,-0.42,-0.52,-0.33
78000.0,-0.42,-0.52,-0.33
80000.0,-0.43,-0.52,-0.33
82000.0,-0.43,-0.52,-0.33
84000.0,-0.43,-0.52,-0.34
86000.0,-0.43,-0.52,-0.34
88000.0,-0.43,-0.52,-0.34
90000.0,-0.43,-0.52,-0.34
92000.0,-0.43,-0.52,-0.34
94000.0,-0.43,-0.52,-0.34
96000.0,-0.43,-0.52,-0.34
