step,mean,ci_down,ci_up
6000.0,61.84,43.91,79.78
8000.0,113.22,74.75,151.69
10000.0,185.44,136.23,234.65
12000.0,260.87,208.47,313.26
14000.0,349.06,278.24,419.87
16000.0,425.73,352.08,499.38
18000.0,508.72,431.32,586.12
20000.0,587.37,501.85,672.90
22000.0,678.99,585.57,772.42
24000.0,769.11,664.76,873.46
26000.0,863.96,756.22,971.70
28000.0,960.72,848.58,1072.86
30000.0,1059.04,934.50,1183.59
32000.0,1153.58,1028.40,1278.76
34000.0,1256.10,1129.04,1383.17
36000.0,1346.60,1207.82,1485.38
38000.0,1438.97,1291.99,1585.94
40000.0,1539.88,1381.25,1698.52
42000.0,1651.86,1495.61,1808.10
44000.0,1752.86,1599.52,1906.20
46000.0,1845.19,1707.60,1982.79
48000.0,1936.68,1806.09,2067.27
50000.0,2030.49,1904.56,2156.41
52000.0,2132.68,2004.20,2261.15
54000.0,2230.16,2088.81,2371.51
56000.0,2315.27,2182.98,2447.55
58000.0,2405.68,2286.99,2524.37
60000.0,2488.92,2370.72,2607.12
62000.0,2579.52,2469.02,2690.03
64000.0,2681.17,2572.32,2790.02
66000.0,2786.06,2690.11,2882.01
68000.0,2877.84,2776.33,2979.35
70000.0,2973.26,2865.71,3080.82
72000.0,3089.16,2972.54,3205.79
74000.0,3188.47,3083.98,3292.96
76000.0,3293.22,3199.43,3387.01
78000.0,3401.12,3298.22,3504.02
80000.0,3514.84,3408.99,3620.68
82000.0,3614.34,3506.03,3722.66
84000.0,3715.16,3602.60,3827.73
86000.0,3815.39,3700.58,3930.20
88000.0,3925.68,3810.68,4040.68
90000.0,4033.02,3931.43,4134.61
92000.0,4144.39,4036.19,4252.58
94000.0,4244.50,4136.94,4352.06
96000.0,4340.44,4251.36,4429.52
98000.0,4442.07,4350.21,4533.92
100000.0,4546.52,4465.67,4627.36
