step,mean,ci_down,ci_up
6000.0,10.33,5.94,14.73
8000.0,17.67,6.63,28.70
10000.0,32.00,16.78,47.22
12000.0,44.67,28.36,60.97
14000.0,56.33,36.59,76.08
16000.0,69.00,45.81,92.19
18000.0,81.33,60.40,102.27
20000.0,96.67,73.41,119.92
22000.0,114.00,96.13,131.87
24000.0,132.00,112.68,151.32
26000.0,149.33,123.63,175.04
28000.0,161.67,128.50,194.83
30000.0,178.33,143.77,212.89
32000.0,191.67,161.84,221.50
34000.0,206.67,176.39,236.95
36000.0,220.33,196.65,244.02
38000.0,237.00,217.82,256.18
40000.0,255.67,241.06,270.27
42000.0,269.00,251.43,286.57
44000.0,278.67,262.24,295.10
46000.0,293.00,276.91,309.09
48000.0,309.00,286.94,331.06
50000.0,323.67,293.97,353.36
52000.0,340.00,308.40,371.60
54000.0,354.33,328.01,380.66
56000.0,362.67,341.57,383.77
58000.0,378.33,363.23,393.44
60000.0,397.00,384.94,409.06
62000.0,416.00,409.03,422.97
64000.0,432.33,416.49,448.18
66000.0,449.67,428.19,471.14
68000.0,466.67,441.38,491.95
70000.0,489.00,461.07,516.93
72000.0,502.67,473.52,531.81
74000.0,520.67,494.49,546.84
76000.0,538.33,518.55,558.11
78000.0,556.33,534.27,578.40
80000.0,565.67,537.61,593.73
82000.0,584.00,559.68,608.32
84000.0,599.67,578.38,620.96
86000.0,621.00,600.36,641.64
88000.0,637.00,610.45,663.55
90000.0,652.67,621.60,683.74
92000.0,668.67,633.13,704.21
94000.0,684.00,637.70,730.30
96000.0,701.00,645.78,756.22
98000.0,715.00,656.40,773.60
100000.0,731.67,675.70,787.63
