step,mean,ci_down,ci_up
8000.0,-0.05,-0.05,-0.05
10000.0,-0.11,-0.11,-0.11
12000.0,-0.19,-0.19,-0.19
14000.0,-0.23,-0.23,-0.23
16000.0,-0.29,-0.29,-0.29
18000.0,-0.31,-0.31,-0.31
20000.0,-0.32,-0.32,-0.32
22000.0,-0.33,-0.33,-0.33
24000.0,-0.34,-0.34,-0.34
26000.0,-0.35,-0.35,-0.35
28000.0,-0.37,-0.37,-0.37
30000.0,-0.38,-0.38,-0.38
32000.0,-0.40,-0.40,-0.40
34000.0,-0.42,-0.42,-0.42
36000.0,-0.44,-0.44,-0.44
38000.0,-0.46,-0.46,-0.46
40000.0,-0.48,-0.48,-0.48
42000.0,-0.50,-0.50,-0.50
44000.0,-0.52,-0.52,-0.52
46000.0,-0.53,-0.53,-0.53
48000.0,-0.54,-0.54,-0.54
50000.0,-0.56,-0.56,-0.56
52000.0,-0.58,-0.58,-0.58
54000.0,-0.60,-0.60,-0.60
56000.0,-0.67,-0.67,-0.67
58000.0,-0.70,-0.70,-0.70
60000.0,-0.71,-0.71,-0.71
62000.0,-0.72,-0.72,-0.72
64000.0,-0.73,-0.73,-0.73
66000.0,-0.74,-0.74,-0.74
68000.0,-0.75,-0.75,-0.75
70000.0,-0.75,-0.75,-0.75
72000.0,-0.77,-0.77,-0.77
74000.0,-0.80,-0.80,-0.80
76000.0,-0.81,-0.81,-0.81
78000.0,-0.83,-0.83,-0.83
80000.0,-0.84,-0.84,-0.84
82000.0,-0.86,-0.86,-0.86
84000.0,-0.87,-0.87,-0.87
86000.0,-0.88,-0.88,-0.88
88000.0,-0.89,-0.89,-0.89
90000.0,-0.90,-0.90,-0.90
92000.0,-0.91,-0.91,-0.91
94000.0,-0.92,-0.92,-0.92
96000.0,-0.93,-0.93,-0.93
98000.0,-0.94,-0.94,-0.94
100000.0,-0.95,-0.95,-0.95
