step,mean,ci_down,ci_up
0.0,34.44,30.84,38.04
2000.0,91.25,83.71,98.78
4000.0,156.08,144.57,167.59
6000.0,233.33,218.97,247.68
8000.0,321.98,305.64,338.32
10000.0,409.39,390.73,428.05
12000.0,498.64,478.42,518.86
14000.0,591.03,569.20,612.86
16000.0,688.83,664.73,712.92
18000.0,788.66,763.74,813.57
20000.0,889.86,863.89,915.83
22000.0,990.93,964.51,1017.36
24000.0,1089.00,1061.70,1116.31
26000.0,1191.63,1164.57,1218.69
28000.0,1295.76,1267.37,1324.15
30000.0,1402.12,1369.99,1434.25
32000.0,1508.53,1473.86,1543.20
34000.0,1614.10,1578.61,1649.59
36000.0,1720.19,1683.51,1756.86
38000.0,1824.99,1788.07,1861.92
40000.0,1932.47,1894.87,1970.08
42000.0,2039.11,2001.13,2077.09
44000.0,2144.75,2105.94,2183.56
46000.0,2252.70,2211.92,2293.49
48000.0,2362.44,2320.37,2404.52
50000.0,2471.86,2427.98,2515.73
52000.0,2579.43,2534.55,2624.31
54000.0,2687.95,2643.18,2732.72
56000.0,2795.86,2750.19,2841.53
58000.0,2902.80,2856.47,2949.12
60000.0,3008.97,2961.49,3056.45
62000.0,3110.77,3061.98,3159.57
64000.0,3216.08,3165.97,3266.18
66000.0,3320.51,3270.08,3370.94
68000.0,3429.69,3378.37,3481.01
70000.0,3535.20,3482.67,3587.73
72000.0,3645.17,3591.46,3698.89
74000.0,3756.20,3700.44,3811.97
76000.0,3863.98,3806.58,3921.39
78000.0,3970.22,3911.37,4029.08
80000.0,4080.20,4020.44,4139.97
82000.0,4189.01,4130.06,4247.95
84000.0,4300.87,4242.99,4358.74
86000.0,4406.80,4347.71,4465.89
88000.0,4517.14,4457.77,4576.51
90000.0,4626.64,4566.58,4686.69
92000.0,4736.26,4676.28,4796.24
94000.0,4840.45,4779.52,4901.38
96000.0,4948.60,4886.48,5010.72
