step,mean,ci_down,ci_up
0.0,2.83,2.05,3.60
2000.0,11.35,8.93,13.77
4000.0,23.43,20.43,26.44
6000.0,35.04,30.87,39.22
8000.0,47.35,43.42,51.27
10000.0,61.48,56.67,66.28
12000.0,77.00,72.07,81.93
14000.0,93.48,87.86,99.09
16000.0,110.17,103.00,117.35
18000.0,125.00,116.78,133.22
20000.0,139.30,129.85,148.76
22000.0,153.87,143.41,164.33
24000.0,169.00,158.22,179.78
26000.0,183.00,171.23,194.77
28000.0,198.04,186.11,209.97
30000.0,213.30,201.10,225.51
32000.0,229.78,217.63,241.94
34000.0,245.61,232.65,258.57
36000.0,260.61,247.21,274.01
38000.0,275.87,262.38,289.35
40000.0,292.09,278.13,306.04
42000.0,309.26,294.98,323.54
44000.0,325.91,311.24,340.58
46000.0,343.48,328.01,358.94
48000.0,358.87,342.49,375.25
50000.0,375.70,358.45,392.94
52000.0,394.70,377.67,411.72
54000.0,412.17,394.96,429.39
56000.0,427.91,410.48,445.35
58000.0,444.87,427.39,462.35
60000.0,460.61,442.33,478.89
62000.0,477.61,458.88,496.34
64000.0,493.74,475.36,512.12
66000.0,509.96,491.70,528.21
68000.0,527.87,509.57,546.17
70000.0,544.26,525.60,562.92
72000.0,560.61,542.44,578.78
74000.0,577.17,558.52,595.83
76000.0,593.00,573.58,612.42
78000.0,610.17,589.42,630.93
80000.0,626.78,604.99,648.58
82000.0,642.74,620.62,664.85
84000.0,658.13,635.71,680.55
86000.0,676.09,653.49,698.68
88000.0,693.30,670.34,716.27
90000.0,708.65,685.77,731.53
92000.0,726.26,702.77,749.76
94000.0,742.57,719.40,765.73
96000.0,760.22,736.77,783.66
