step,mean,ci_down,ci_up
0.0,32.40,28.95,35.86
2000.0,53.32,46.83,59.80
4000.0,58.78,51.35,66.21
6000.0,74.20,66.94,81.45
8000.0,83.45,78.86,88.05
10000.0,86.32,80.18,92.46
12000.0,89.18,83.22,95.15
14000.0,90.63,84.80,96.46
16000.0,94.90,88.48,101.31
18000.0,102.52,97.18,107.86
20000.0,101.98,97.09,106.87
22000.0,100.54,95.85,105.23
24000.0,99.84,93.87,105.82
26000.0,104.16,98.29,110.04
28000.0,105.15,98.92,111.37
30000.0,104.59,97.98,111.20
32000.0,105.85,97.64,114.07
34000.0,103.05,96.18,109.93
36000.0,104.15,98.72,109.57
38000.0,101.25,94.25,108.25
40000.0,104.68,97.01,112.36
42000.0,106.38,100.85,111.91
44000.0,104.40,97.64,111.16
46000.0,104.31,99.65,108.96
48000.0,107.44,102.57,112.31
50000.0,108.42,102.56,114.27
52000.0,105.83,101.10,110.56
54000.0,106.41,101.44,111.38
56000.0,107.09,101.60,112.58
58000.0,104.17,99.42,108.91
60000.0,102.97,98.59,107.36
62000.0,98.20,92.77,103.63
64000.0,105.67,99.58,111.76
66000.0,109.30,103.51,115.10
68000.0,110.58,106.79,114.38
70000.0,106.41,99.86,112.96
72000.0,109.27,102.00,116.53
74000.0,111.89,104.84,118.94
76000.0,106.39,100.16,112.62
78000.0,107.57,101.27,113.87
80000.0,108.82,103.57,114.08
82000.0,109.50,104.11,114.89
84000.0,111.64,107.74,115.53
86000.0,102.28,95.75,108.82
88000.0,112.99,109.02,116.95
90000.0,112.49,105.35,119.64
92000.0,111.89,104.55,119.23
94000.0,104.71,98.15,111.27
96000.0,106.88,100.91,112.85
