step,mean,ci_down,ci_up
0.0,2.83,2.18,3.47
2000.0,8.13,6.77,9.50
4000.0,11.51,10.07,12.95
6000.0,12.02,10.50,13.55
8000.0,12.75,11.49,14.01
10000.0,14.04,12.74,15.35
12000.0,15.33,14.17,16.48
14000.0,15.65,14.51,16.80
16000.0,16.53,15.18,17.89
18000.0,15.04,13.75,16.33
20000.0,15.18,13.85,16.52
22000.0,15.18,13.80,16.56
24000.0,15.80,14.61,16.98
26000.0,15.20,13.67,16.73
28000.0,15.98,14.58,17.38
30000.0,16.20,14.73,17.68
32000.0,16.53,15.31,17.76
34000.0,16.49,15.07,17.91
36000.0,15.71,14.31,17.12
38000.0,15.82,14.63,17.00
40000.0,17.10,15.83,18.37
42000.0,17.00,15.55,18.45
44000.0,18.69,17.18,20.20
46000.0,17.53,16.29,18.78
48000.0,15.55,14.10,17.01
50000.0,16.79,15.36,18.21
52000.0,18.11,16.63,19.58
54000.0,17.55,16.14,18.96
56000.0,16.09,14.94,17.23
58000.0,17.34,15.90,18.78
60000.0,15.74,14.43,17.06
62000.0,15.49,14.04,16.94
64000.0,15.30,14.01,16.58
66000.0,16.62,15.21,18.03
68000.0,17.32,16.00,18.64
70000.0,17.74,16.48,19.01
72000.0,17.62,16.18,19.05
74000.0,17.49,16.19,18.79
76000.0,17.09,15.55,18.62
78000.0,17.68,16.14,19.22
80000.0,17.49,16.04,18.94
82000.0,16.91,15.54,18.29
84000.0,17.13,15.87,18.39
86000.0,17.94,16.40,19.47
88000.0,17.91,16.56,19.27
90000.0,17.30,15.98,18.61
92000.0,19.66,18.29,21.03
94000.0,18.17,16.81,19.53
96000.0,19.21,17.49,20.93
