step,mean,ci_down,ci_up
4000.0,-0.10,-0.16,-0.04
6000.0,-0.07,-0.11,-0.04
8000.0,-0.05,-0.07,-0.02
10000.0,-0.05,-0.07,-0.04
12000.0,-0.02,-0.03,-0.01
14000.0,-0.03,-0.05,-0.01
16000.0,-0.03,-0.04,-0.01
18000.0,-0.02,-0.02,-0.01
20000.0,-0.02,-0.03,-0.01
22000.0,-0.01,-0.02,-0.01
24000.0,-0.01,-0.02,-0.01
26000.0,-0.02,-0.02,-0.02
28000.0,-0.01,-0.01,-0.01
30000.0,0.00,0.00,0.00
32000.0,-0.01,-0.01,-0.01
34000.0,-0.01,-0.01,-0.01
36000.0,-0.01,-0.01,-0.01
38000.0,0.00,0.00,0.00
40000.0,0.00,0.00,0.00
42000.0,-0.02,-0.02,-0.02
44000.0,-0.01,-0.01,-0.01
46000.0,0.00,0.00,0.00
48000.0,-0.01,-0.01,-0.01
50000.0,-0.01,-0.01,-0.01
52000.0,-0.01,-0.01,-0.01
54000.0,-0.01,-0.01,-0.01
56000.0,-0.01,-0.01,-0.01
58000.0,-0.01,-0.01,-0.01
