step,mean,ci_down,ci_up
<<<<<<< HEAD
4000.0,2.67,-0.88,6.21
6000.0,8.20,4.16,12.24
8000.0,9.00,3.86,14.14
10000.0,13.50,10.72,16.28
12000.0,12.33,7.44,17.22
14000.0,13.67,9.86,17.47
16000.0,14.17,11.26,17.08
18000.0,12.83,8.87,16.80
20000.0,13.50,10.48,16.52
22000.0,15.00,10.56,19.44
24000.0,17.17,13.91,20.43
26000.0,18.67,13.36,23.98
28000.0,14.17,8.38,19.96
30000.0,15.50,10.47,20.53
32000.0,11.83,8.83,14.83
34000.0,15.33,9.87,20.79
36000.0,16.67,9.22,24.11
38000.0,16.50,11.24,21.76
40000.0,17.17,14.03,20.30
42000.0,14.83,11.41,18.25
44000.0,13.33,6.18,20.48
46000.0,17.17,13.67,20.67
48000.0,16.50,12.29,20.71
50000.0,20.33,12.67,27.99
52000.0,18.50,15.92,21.08
54000.0,17.50,10.39,24.61
56000.0,18.00,7.34,28.66
58000.0,18.60,12.00,25.20
60000.0,21.80,15.62,27.98
62000.0,17.00,12.28,21.72
64000.0,15.40,9.55,21.25
66000.0,15.00,9.64,20.36
68000.0,15.20,11.21,19.19
70000.0,18.00,11.77,24.23
72000.0,16.00,13.02,18.98
74000.0,18.80,16.75,20.85
76000.0,18.80,14.71,22.89
78000.0,19.20,16.63,21.77
80000.0,14.60,7.06,22.14
82000.0,21.20,16.92,25.48
84000.0,18.00,14.13,21.87
86000.0,21.40,20.91,21.89
88000.0,17.00,13.46,20.54
90000.0,17.60,11.72,23.48
92000.0,15.00,10.12,19.88
94000.0,18.20,10.75,25.65
96000.0,16.40,10.52,22.28
98000.0,15.60,9.22,21.98
100000.0,15.40,11.55,19.25
=======
8000.0,10.00,10.00,10.00
10000.0,7.00,7.00,7.00
12000.0,8.00,2.19,13.81
14000.0,12.00,8.93,15.07
16000.0,14.00,8.93,19.07
18000.0,22.33,16.48,28.18
20000.0,18.67,17.32,20.01
22000.0,15.67,11.59,19.75
24000.0,20.67,5.23,36.10
26000.0,13.67,8.83,18.51
28000.0,16.67,6.25,27.08
30000.0,15.33,10.64,20.03
32000.0,14.67,12.89,16.44
34000.0,19.33,17.56,21.11
36000.0,15.00,7.38,22.62
38000.0,11.67,6.97,16.36
40000.0,14.67,11.74,17.59
42000.0,20.00,11.86,28.14
44000.0,16.00,10.93,21.07
46000.0,18.33,15.91,20.75
48000.0,13.00,5.74,20.26
50000.0,15.33,8.33,22.34
52000.0,13.67,6.11,21.23
54000.0,12.00,8.93,15.07
56000.0,9.00,5.93,12.07
58000.0,15.33,9.84,20.83
60000.0,19.00,11.38,26.62
62000.0,13.00,10.68,15.32
64000.0,19.67,15.93,23.40
66000.0,22.67,16.27,29.07
68000.0,13.00,0.92,25.08
70000.0,11.00,8.99,13.01
72000.0,10.00,5.97,14.03
74000.0,17.00,14.99,19.01
76000.0,13.50,4.44,22.56
78000.0,18.00,11.96,24.04
80000.0,25.00,18.96,31.04
82000.0,12.00,-0.08,24.08
84000.0,20.50,19.49,21.51
86000.0,18.00,11.96,24.04
88000.0,17.50,14.48,20.52
90000.0,20.00,17.99,22.01
92000.0,19.50,14.47,24.53
94000.0,21.50,6.40,36.60
96000.0,18.50,7.43,29.57
98000.0,18.00,15.99,20.01
100000.0,16.50,7.44,25.56
>>>>>>> 48e15087b5bf070df74fdf31c5f401fee6956af5
