step,mean,ci_down,ci_up
<<<<<<< HEAD
4000.0,28.66,23.56,33.77
6000.0,45.43,41.41,49.44
8000.0,55.06,51.41,58.70
10000.0,59.18,54.24,64.12
12000.0,64.95,60.37,69.52
14000.0,72.27,68.47,76.08
16000.0,73.01,68.94,77.08
18000.0,78.55,75.00,82.10
20000.0,80.63,76.96,84.30
22000.0,81.83,78.61,85.05
24000.0,88.58,85.34,91.83
26000.0,85.78,82.55,89.01
28000.0,86.84,83.86,89.82
30000.0,90.85,88.62,93.08
32000.0,90.00,86.49,93.51
34000.0,89.41,86.43,92.38
36000.0,92.62,89.20,96.03
38000.0,92.27,88.76,95.78
40000.0,92.25,89.11,95.40
42000.0,92.69,89.64,95.74
44000.0,96.49,93.13,99.84
46000.0,91.32,88.42,94.23
48000.0,92.07,88.89,95.25
50000.0,94.14,90.51,97.78
52000.0,95.34,92.07,98.60
54000.0,90.84,87.30,94.38
56000.0,91.80,88.82,94.79
58000.0,91.96,88.66,95.26
60000.0,96.42,92.81,100.03
62000.0,93.88,90.69,97.08
64000.0,95.42,91.88,98.97
66000.0,97.74,93.94,101.55
68000.0,97.64,94.26,101.02
70000.0,100.12,96.62,103.63
72000.0,98.26,95.15,101.37
74000.0,98.17,95.04,101.31
76000.0,99.28,96.18,102.38
78000.0,97.36,93.88,100.85
80000.0,98.55,95.49,101.60
82000.0,96.18,93.42,98.94
84000.0,96.76,93.74,99.77
86000.0,97.84,94.28,101.39
88000.0,98.19,95.44,100.93
90000.0,99.85,96.94,102.76
92000.0,104.25,101.05,107.46
94000.0,100.10,96.24,103.95
96000.0,102.38,98.86,105.90
98000.0,100.93,97.07,104.79
100000.0,100.38,97.39,103.38
=======
4000.0,28.80,26.55,31.05
6000.0,46.13,43.25,49.01
8000.0,58.48,54.86,62.09
10000.0,65.38,61.34,69.42
12000.0,72.16,68.53,75.78
14000.0,74.73,71.46,78.00
16000.0,76.36,73.37,79.35
18000.0,81.42,78.38,84.46
20000.0,84.70,81.21,88.19
22000.0,87.26,84.04,90.48
24000.0,85.57,82.00,89.14
26000.0,86.89,84.01,89.76
28000.0,87.96,84.32,91.59
30000.0,92.38,89.18,95.57
32000.0,91.45,87.95,94.94
34000.0,93.22,90.30,96.13
36000.0,96.36,93.05,99.67
38000.0,96.39,93.40,99.39
40000.0,94.01,91.11,96.91
42000.0,93.87,91.04,96.71
44000.0,95.83,92.80,98.86
46000.0,94.46,91.23,97.69
48000.0,93.76,90.86,96.66
50000.0,94.96,92.14,97.77
52000.0,99.00,96.26,101.74
54000.0,101.50,98.62,104.39
56000.0,97.88,95.39,100.37
58000.0,100.16,96.74,103.57
60000.0,98.89,95.63,102.15
62000.0,97.66,94.70,100.61
64000.0,102.38,99.10,105.67
66000.0,102.22,98.47,105.97
68000.0,100.73,97.03,104.44
70000.0,96.62,93.79,99.44
72000.0,100.31,97.22,103.39
74000.0,100.14,96.82,103.46
76000.0,100.50,97.48,103.52
78000.0,97.82,94.74,100.89
80000.0,101.19,97.98,104.41
82000.0,99.96,97.15,102.77
84000.0,98.79,95.62,101.95
86000.0,100.99,98.18,103.79
88000.0,100.21,96.78,103.65
90000.0,99.32,95.85,102.79
92000.0,99.90,96.93,102.87
94000.0,100.48,97.29,103.66
96000.0,100.43,96.83,104.03
98000.0,101.85,98.60,105.09
100000.0,100.81,97.56,104.06
>>>>>>> c137570a25c02ce34b2e7ffb8373ebff54de3449
