step,mean,ci_down,ci_up
1500.0,201.10,200.56,201.65
1550.0,401.68,400.70,402.67
1600.0,601.81,600.41,603.21
1650.0,800.84,798.93,802.74
1700.0,999.93,997.52,1002.33
1750.0,1197.04,1194.00,1200.08
1800.0,1392.57,1388.72,1396.42
1850.0,1587.24,1582.50,1591.99
1900.0,1778.18,1772.34,1784.02
1950.0,1965.87,1958.78,1972.95
2000.0,2147.21,2138.67,2155.76
2050.0,2324.36,2314.14,2334.58
2100.0,2496.02,2483.93,2508.11
2150.0,2663.11,2649.05,2677.16
2200.0,2820.80,2804.61,2836.99
2250.0,2972.12,2953.65,2990.58
2300.0,3113.70,3092.85,3134.55
2350.0,3243.36,3220.07,3266.64
2400.0,3360.27,3334.51,3386.03
2450.0,3466.27,3438.04,3494.49
2500.0,3560.34,3529.71,3590.98
2550.0,3646.41,3613.38,3679.45
2600.0,3720.11,3684.86,3755.35
2650.0,3785.52,3748.25,3822.79
2700.0,3844.29,3805.11,3883.47
2750.0,3894.41,3853.65,3935.18
2800.0,3938.64,3896.51,3980.78
2850.0,3978.12,3934.79,4021.45
2900.0,4012.14,3967.87,4056.40
2950.0,4041.96,3996.99,4086.93
3000.0,4070.43,4024.82,4116.04
3050.0,4094.98,4048.98,4140.97
3100.0,4118.25,4071.96,4164.55
3150.0,4140.98,4094.43,4187.53
3200.0,4162.53,4115.83,4209.23
3250.0,4183.17,4136.40,4229.93
3300.0,4203.90,4157.05,4250.74
3350.0,4224.35,4177.47,4271.24
3400.0,4244.71,4197.81,4291.62
3450.0,4264.90,4217.99,4311.80
3500.0,4285.26,4238.33,4332.19
3550.0,4305.53,4258.59,4352.48
3600.0,4325.81,4278.84,4372.77
3650.0,4345.99,4299.01,4392.97
3700.0,4366.17,4319.18,4413.16
3750.0,4386.44,4339.45,4433.44
3800.0,4406.63,4359.62,4453.63
3850.0,4426.90,4379.89,4473.91
3900.0,4447.35,4400.34,4494.37
3950.0,4467.81,4420.79,4514.83
4000.0,4488.26,4441.23,4535.29
4050.0,4508.72,4461.67,4555.76
4100.0,4529.17,4482.11,4576.23
4150.0,4549.63,4502.55,4596.71
4200.0,4570.08,4522.98,4617.19
4250.0,4590.45,4543.33,4637.57
4300.0,4610.90,4563.75,4658.05
4350.0,4631.36,4584.17,4678.54
4400.0,4651.72,4604.51,4698.93
4450.0,4671.99,4624.76,4719.23
4500.0,4692.27,4645.01,4739.52
4550.0,4712.54,4665.26,4759.82
4600.0,4732.81,4685.52,4780.10
4650.0,4753.00,4705.70,4800.29
4700.0,4773.18,4725.88,4820.48
4750.0,4793.36,4746.06,4840.66
4800.0,4813.54,4766.23,4860.85
4850.0,4833.72,4786.41,4881.04
4900.0,4853.91,4806.58,4901.23
4950.0,4874.09,4826.75,4921.43
5000.0,4894.27,4846.92,4941.62
5050.0,4914.54,4867.17,4961.91
5100.0,4934.82,4887.43,4982.20
5150.0,4955.09,4907.68,5002.50
5200.0,4975.36,4927.93,5022.80
5250.0,4995.73,4948.26,5043.19
5300.0,5016.00,4968.51,5063.49
5350.0,5036.18,4988.67,5083.69
5400.0,5056.45,5008.92,5103.99
5450.0,5076.64,5029.08,5124.19
5500.0,5096.82,5049.24,5144.39
5550.0,5117.00,5069.40,5164.60
5600.0,5137.18,5089.56,5184.80
5650.0,5157.36,5109.72,5205.01
5700.0,5177.55,5129.88,5225.22
5750.0,5197.73,5150.03,5245.42
5800.0,5217.91,5170.18,5265.64
5850.0,5238.09,5190.34,5285.85
5900.0,5258.27,5210.49,5306.06
5950.0,5278.46,5230.64,5326.27
6000.0,5298.64,5250.79,5346.49
6050.0,5318.82,5270.93,5366.71
6100.0,5338.91,5291.01,5386.82
6150.0,5359.09,5311.17,5407.01
6200.0,5379.18,5331.27,5427.10
6250.0,5399.27,5351.36,5447.19
6300.0,5419.37,5371.45,5467.28
6350.0,5439.46,5391.54,5487.37
6400.0,5459.55,5411.64,5507.46
6450.0,5479.64,5431.73,5527.55
6500.0,5499.73,5451.82,5547.64
6550.0,5519.82,5471.91,5567.74
6600.0,5539.91,5491.99,5587.83
6650.0,5560.00,5512.08,5607.92
6700.0,5580.09,5532.17,5628.02
6750.0,5600.18,5552.26,5648.11
6800.0,5620.28,5572.34,5668.21
6850.0,5640.37,5592.43,5688.31
6900.0,5660.46,5612.51,5708.40
6950.0,5680.55,5632.60,5728.50
7000.0,5700.64,5652.68,5748.60
7050.0,5720.73,5672.76,5768.70
7100.0,5740.82,5692.84,5788.80
7150.0,5760.91,5712.93,5808.90
7200.0,5781.00,5733.01,5829.00
7250.0,5801.09,5753.09,5849.10
7300.0,5821.19,5773.17,5869.21
7350.0,5841.28,5793.24,5889.31
7400.0,5861.28,5813.24,5909.31
7450.0,5881.28,5833.24,5929.31
7500.0,5901.28,5853.24,5949.31
7550.0,5921.28,5873.24,5969.31
7600.0,5941.28,5893.24,5989.31
7650.0,5961.28,5913.24,6009.31
7700.0,5981.28,5933.24,6029.31
7750.0,6001.28,5953.24,6049.31
7800.0,6021.28,5973.24,6069.31
7850.0,6041.28,5993.24,6089.31
7900.0,6061.28,6013.24,6109.31
7950.0,6081.28,6033.24,6129.31
8000.0,6101.28,6053.24,6149.31
