step,mean,ci_down,ci_up
0.0,147.48,142.04,152.92
50.0,321.89,315.03,328.75
100.0,508.46,500.73,516.19
150.0,700.74,692.29,709.18
200.0,890.78,881.57,899.99
250.0,1081.64,1072.10,1091.18
300.0,1272.00,1261.95,1282.06
350.0,1460.91,1450.55,1471.27
400.0,1650.04,1639.18,1660.90
450.0,1843.43,1832.20,1854.66
500.0,2038.05,2026.50,2049.59
550.0,2234.50,2222.73,2246.26
600.0,2432.33,2420.36,2444.30
650.0,2630.39,2618.32,2642.46
700.0,2827.89,2815.77,2840.02
750.0,3027.75,3015.51,3039.99
800.0,3226.76,3214.31,3239.21
850.0,3426.72,3414.20,3439.23
900.0,3627.21,3614.66,3639.77
950.0,3826.94,3814.36,3839.51
1000.0,4027.94,4015.35,4040.54
1050.0,4228.74,4216.12,4241.36
1100.0,4429.97,4417.29,4442.65
1150.0,4630.95,4618.20,4643.70
1200.0,4831.42,4818.58,4844.26
1250.0,5032.52,5019.68,5045.35
1300.0,5232.72,5219.76,5245.68
1350.0,5432.76,5419.50,5446.02
1400.0,5631.48,5617.90,5645.06
1450.0,5830.14,5816.16,5844.12
1500.0,6026.47,6011.93,6041.01
1550.0,6219.87,6204.40,6235.35
1600.0,6413.52,6396.93,6430.11
1650.0,6602.46,6584.32,6620.61
1700.0,6790.97,6771.03,6810.91
1750.0,6971.61,6949.53,6993.68
1800.0,7149.71,7125.11,7174.30
1850.0,7319.53,7292.04,7347.02
1900.0,7487.30,7456.75,7517.85
1950.0,7644.53,7610.55,7678.52
2000.0,7796.34,7758.67,7834.00
2050.0,7940.93,7899.39,7982.47
2100.0,8073.17,8027.72,8118.62
2150.0,8189.44,8140.15,8238.74
2200.0,8300.06,8246.73,8353.38
2250.0,8397.54,8340.29,8454.79
2300.0,8486.27,8425.20,8547.35
2350.0,8562.66,8497.97,8627.34
2400.0,8629.51,8561.56,8697.45
2450.0,8688.90,8617.82,8759.97
2500.0,8740.82,8667.01,8814.63
2550.0,8787.34,8711.15,8863.53
2600.0,8828.71,8750.46,8906.96
2650.0,8866.47,8786.37,8946.56
2700.0,8897.54,8816.20,8978.88
2750.0,8927.58,8845.04,9010.12
2800.0,8952.21,8869.01,9035.41
2850.0,8976.07,8892.32,9059.82
2900.0,8999.93,8915.59,9084.28
2950.0,9021.99,8937.31,9106.68
3000.0,9042.77,8957.94,9127.60
3050.0,9063.28,8978.35,9148.22
3100.0,9084.05,8998.97,9169.14
3150.0,9104.57,9019.44,9189.70
3200.0,9124.83,9039.70,9209.95
3250.0,9145.34,9060.15,9230.53
3300.0,9165.60,9080.41,9250.79
3350.0,9185.86,9100.66,9271.05
3400.0,9206.11,9120.90,9291.32
3450.0,9226.63,9141.38,9311.87
3500.0,9247.14,9161.86,9332.43
3550.0,9267.66,9182.33,9352.99
3600.0,9288.17,9202.79,9373.55
3650.0,9308.69,9223.25,9394.13
3700.0,9329.20,9243.70,9414.71
3750.0,9349.72,9264.14,9435.29
3800.0,9370.23,9284.58,9455.88
3850.0,9390.75,9305.02,9476.48
3900.0,9411.26,9325.44,9497.08
3950.0,9431.78,9345.86,9517.69
4000.0,9452.03,9366.07,9538.00
4050.0,9472.55,9386.48,9558.62
4100.0,9493.06,9406.89,9579.24
4150.0,9513.32,9427.08,9599.56
4200.0,9533.58,9447.27,9619.88
4250.0,9553.84,9467.46,9640.21
4300.0,9574.09,9487.65,9660.54
4350.0,9594.09,9507.65,9680.54
4400.0,9614.09,9527.65,9700.54
4450.0,9634.09,9547.65,9720.54
4500.0,9654.09,9567.65,9740.54
4550.0,9674.09,9587.65,9760.54
4600.0,9694.09,9607.65,9780.54
4650.0,9714.09,9627.65,9800.54
4700.0,9734.09,9647.65,9820.54
4750.0,9754.09,9667.65,9840.54
4800.0,9774.09,9687.65,9860.54
4850.0,9794.09,9707.65,9880.54
4900.0,9814.09,9727.65,9900.54
4950.0,9834.09,9747.65,9920.54
5000.0,9854.35,9767.88,9940.83
5050.0,9874.61,9788.10,9961.12
5100.0,9894.87,9808.32,9981.41
5150.0,9915.12,9828.54,10001.71
5200.0,9935.38,9848.75,10022.01
5250.0,9955.64,9868.96,10042.31
5300.0,9975.90,9889.17,10062.62
5350.0,9996.15,9909.38,10082.93
5400.0,10016.41,9929.58,10103.24
5450.0,10036.67,9949.78,10123.56
5500.0,10056.93,9969.97,10143.88
5550.0,10077.18,9990.17,10164.20
5600.0,10097.44,10010.36,10184.52
5650.0,10117.70,10030.55,10204.85
5700.0,10137.95,10050.73,10225.18
5750.0,10158.21,10070.91,10245.51
5800.0,10178.47,10091.09,10265.85
5850.0,10198.47,10111.09,10285.85
5900.0,10218.47,10131.09,10305.85
5950.0,10238.47,10151.09,10325.85
6000.0,10258.47,10171.09,10345.85
6050.0,10278.47,10191.09,10365.85
6100.0,10298.47,10211.09,10385.85
6150.0,10318.47,10231.09,10405.85
6200.0,10338.47,10251.09,10425.85
6250.0,10358.47,10271.09,10445.85
6300.0,10378.47,10291.09,10465.85
6350.0,10398.47,10311.09,10485.85
6400.0,10418.47,10331.09,10505.85
6450.0,10438.47,10351.09,10525.85
6500.0,10458.47,10371.09,10545.85
6550.0,10478.47,10391.09,10565.85
6600.0,10498.47,10411.09,10585.85
6650.0,10518.47,10431.09,10605.85
6700.0,10538.47,10451.09,10625.85
6750.0,10558.47,10471.09,10645.85
6800.0,10578.47,10491.09,10665.85
6850.0,10598.47,10511.09,10685.85
6900.0,10618.47,10531.09,10705.85
6950.0,10638.47,10551.09,10725.85
7000.0,10658.47,10571.09,10745.85
7050.0,10678.47,10591.09,10765.85
7100.0,10698.47,10611.09,10785.85
7150.0,10718.47,10631.09,10805.85
7200.0,10738.47,10651.09,10825.85
7250.0,10758.47,10671.09,10845.85
7300.0,10778.47,10691.09,10865.85
7350.0,10798.47,10711.09,10885.85
7400.0,10818.47,10731.09,10905.85
7450.0,10838.47,10751.09,10925.85
7500.0,10858.47,10771.09,10945.85
7550.0,10878.47,10791.09,10965.85
7600.0,10898.47,10811.09,10985.85
7650.0,10918.47,10831.09,11005.85
7700.0,10938.47,10851.09,11025.85
7750.0,10958.47,10871.09,11045.85
