step,mean,ci_down,ci_up
1500.0,-11.45,-12.68,-10.22
1550.0,-22.35,-24.00,-20.70
1600.0,-33.65,-35.57,-31.73
1650.0,-44.19,-46.23,-42.14
1700.0,-54.35,-56.48,-52.23
1750.0,-64.90,-67.20,-62.61
1800.0,-75.45,-78.22,-72.67
1850.0,-86.09,-89.27,-82.90
1900.0,-95.48,-98.99,-91.97
1950.0,-103.88,-107.50,-100.25
2000.0,-110.89,-114.62,-107.16
2050.0,-117.65,-121.59,-113.72
2100.0,-123.06,-127.13,-118.99
2150.0,-128.21,-132.48,-123.94
2200.0,-131.47,-135.95,-126.99
2250.0,-133.58,-138.28,-128.87
2300.0,-134.19,-139.14,-129.23
2350.0,-132.92,-138.15,-127.68
2400.0,-129.91,-135.48,-124.34
2450.0,-125.20,-131.14,-119.26
2500.0,-118.38,-124.62,-112.14
2550.0,-110.32,-116.87,-103.76
2600.0,-100.33,-107.18,-93.47
2650.0,-89.04,-96.17,-81.90
2700.0,-76.72,-84.12,-69.31
2750.0,-63.06,-70.69,-55.42
2800.0,-48.53,-56.37,-40.68
2850.0,-33.30,-41.34,-25.26
2900.0,-17.12,-25.31,-8.93
2950.0,-0.31,-8.61,8.00
3000.0,16.72,8.30,25.14
3050.0,34.38,25.91,42.85
3100.0,52.24,43.71,60.77
3150.0,70.18,61.61,78.76
3200.0,88.31,79.71,96.91
3250.0,106.58,97.97,115.19
3300.0,124.84,116.21,133.47
3350.0,143.14,134.50,151.78
3400.0,161.45,152.81,170.09
3450.0,179.79,171.15,188.44
3500.0,198.11,189.46,206.76
3550.0,216.43,207.78,225.09
3600.0,234.76,226.10,243.42
3650.0,253.10,244.44,261.76
3700.0,271.44,262.78,280.11
3750.0,289.77,281.11,298.43
3800.0,308.11,299.45,316.78
3850.0,326.44,317.78,335.11
3900.0,344.74,336.07,353.40
3950.0,363.04,354.37,371.70
4000.0,381.34,372.67,390.00
4050.0,399.64,390.97,408.31
4100.0,417.94,409.27,426.61
4150.0,436.24,427.56,444.91
4200.0,454.53,445.86,463.21
4250.0,472.85,464.17,481.52
4300.0,491.15,482.47,499.83
4350.0,509.45,500.76,518.13
4400.0,527.76,519.07,536.45
4450.0,546.09,537.40,554.78
4500.0,564.41,555.72,573.11
4550.0,582.74,574.04,591.44
4600.0,601.07,592.37,609.77
4650.0,619.41,610.71,628.11
4700.0,637.75,629.05,646.45
4750.0,656.09,647.39,664.79
4800.0,674.44,665.73,683.14
4850.0,692.78,684.08,701.48
4900.0,711.12,702.42,719.82
4950.0,729.46,720.76,738.16
5000.0,747.80,739.10,756.51
5050.0,766.13,757.42,774.84
5100.0,784.46,775.75,793.17
5150.0,802.78,794.07,811.50
5200.0,821.11,812.40,829.83
5250.0,839.42,830.70,848.15
5300.0,857.75,849.03,866.48
5350.0,876.09,867.37,884.82
5400.0,894.42,885.69,903.15
5450.0,912.76,904.03,921.49
5500.0,931.10,922.37,939.84
5550.0,949.45,940.71,958.18
5600.0,967.79,959.05,976.53
5650.0,986.13,977.39,994.87
5700.0,1004.47,995.72,1013.22
5750.0,1022.81,1014.06,1031.56
5800.0,1041.15,1032.40,1049.91
5850.0,1059.50,1050.74,1068.25
5900.0,1077.84,1069.08,1086.60
5950.0,1096.18,1087.41,1104.95
6000.0,1114.52,1105.75,1123.29
6050.0,1132.86,1124.09,1141.64
6100.0,1151.22,1142.44,1160.00
6150.0,1169.56,1160.78,1178.34
6200.0,1187.92,1179.14,1196.69
6250.0,1206.27,1197.49,1215.05
6300.0,1224.63,1215.85,1233.41
6350.0,1242.98,1234.20,1251.76
6400.0,1261.34,1252.56,1270.12
6450.0,1279.69,1270.92,1288.47
6500.0,1298.05,1289.27,1306.83
6550.0,1316.41,1307.63,1325.18
6600.0,1334.76,1325.98,1343.54
6650.0,1353.12,1344.34,1361.90
6700.0,1371.47,1362.69,1380.25
6750.0,1389.83,1381.05,1398.61
6800.0,1408.19,1399.40,1416.97
6850.0,1426.54,1417.76,1435.32
6900.0,1444.90,1436.12,1453.68
6950.0,1463.25,1454.47,1472.04
7000.0,1481.61,1472.82,1490.39
7050.0,1499.96,1491.18,1508.75
7100.0,1518.32,1509.53,1527.11
7150.0,1536.68,1527.89,1545.46
7200.0,1555.03,1546.24,1563.82
7250.0,1573.39,1564.60,1582.18
7300.0,1591.74,1582.95,1600.54
7350.0,1610.10,1601.31,1618.89
7400.0,1628.47,1619.68,1637.26
7450.0,1646.84,1638.05,1655.63
7500.0,1665.21,1656.42,1674.00
7550.0,1683.58,1674.79,1692.37
7600.0,1701.95,1693.16,1710.74
7650.0,1720.32,1711.53,1729.11
7700.0,1738.69,1729.90,1747.48
7750.0,1757.06,1748.27,1765.85
7800.0,1775.43,1766.64,1784.22
7850.0,1793.80,1785.01,1802.59
7900.0,1812.17,1803.38,1820.96
7950.0,1830.54,1821.75,1839.33
8000.0,1848.91,1840.12,1857.70
