step,mean,ci_down,ci_up
0.0,-676.03,-756.09,-595.96
50.0,-953.16,-1047.15,-859.17
100.0,-1096.38,-1197.37,-995.38
150.0,-1169.01,-1272.53,-1065.49
200.0,-1259.21,-1366.29,-1152.13
250.0,-1366.32,-1475.48,-1257.15
300.0,-1466.22,-1580.02,-1352.42
350.0,-1589.83,-1706.57,-1473.09
400.0,-1702.46,-1823.84,-1581.08
450.0,-1778.12,-1902.84,-1653.40
500.0,-1831.03,-1957.89,-1704.17
550.0,-1872.48,-1999.97,-1744.98
600.0,-1904.34,-2032.13,-1776.56
650.0,-1931.58,-2059.15,-1804.00
700.0,-1956.83,-2084.42,-1829.24
750.0,-1979.03,-2106.86,-1851.20
800.0,-2001.72,-2130.09,-1873.35
850.0,-2018.97,-2147.16,-1890.78
900.0,-2033.83,-2162.03,-1905.63
950.0,-2052.49,-2180.97,-1924.01
1000.0,-2064.70,-2193.19,-1936.22
1050.0,-2077.44,-2205.90,-1948.98
1100.0,-2087.77,-2216.25,-1959.28
1150.0,-2098.70,-2227.17,-1970.24
1200.0,-2111.29,-2239.72,-1982.86
1250.0,-2121.46,-2249.89,-1993.04
1300.0,-2131.75,-2260.19,-2003.32
1350.0,-2143.68,-2272.36,-2015.01
1400.0,-2153.73,-2282.36,-2025.09
1450.0,-2163.56,-2292.18,-2034.94
1500.0,-2173.38,-2301.94,-2044.81
1550.0,-2183.59,-2312.18,-2055.00
1600.0,-2194.33,-2322.85,-2065.82
1650.0,-2203.44,-2331.95,-2074.93
1700.0,-2212.05,-2340.55,-2083.55
1750.0,-2219.06,-2347.57,-2090.55
1800.0,-2226.53,-2355.01,-2098.06
1850.0,-2231.68,-2360.14,-2103.22
1900.0,-2237.26,-2365.73,-2108.78
1950.0,-2240.33,-2368.75,-2111.91
2000.0,-2242.50,-2370.89,-2114.11
2050.0,-2243.60,-2371.96,-2115.24
2100.0,-2242.73,-2371.02,-2114.45
2150.0,-2240.06,-2368.38,-2111.75
2200.0,-2236.52,-2364.88,-2108.16
2250.0,-2230.23,-2358.61,-2101.84
2300.0,-2222.57,-2350.99,-2094.15
2350.0,-2213.01,-2341.44,-2084.58
2400.0,-2201.94,-2330.41,-2073.48
2450.0,-2189.71,-2318.18,-2061.25
2500.0,-2176.34,-2304.79,-2047.89
2550.0,-2162.11,-2290.56,-2033.66
2600.0,-2147.07,-2275.51,-2018.62
2650.0,-2131.47,-2259.88,-2003.05
2700.0,-2114.82,-2243.22,-1986.42
2750.0,-2098.02,-2226.41,-1969.62
2800.0,-2080.37,-2208.75,-1951.99
2850.0,-2062.60,-2190.97,-1934.22
2900.0,-2044.83,-2173.19,-1916.47
2950.0,-2026.79,-2155.14,-1898.43
3000.0,-2008.54,-2136.89,-1880.19
3050.0,-1990.25,-2118.60,-1861.90
3100.0,-1972.00,-2100.35,-1843.65
3150.0,-1953.71,-2082.05,-1825.36
3200.0,-1935.38,-2063.72,-1807.04
3250.0,-1917.09,-2045.42,-1788.75
3300.0,-1898.76,-2027.09,-1770.43
3350.0,-1880.43,-2008.76,-1752.10
3400.0,-1862.10,-1990.42,-1733.77
3450.0,-1843.81,-1972.13,-1715.49
3500.0,-1825.52,-1953.84,-1697.20
3550.0,-1807.23,-1935.55,-1678.91
3600.0,-1788.94,-1917.25,-1660.62
3650.0,-1770.65,-1898.96,-1642.34
3700.0,-1752.36,-1880.67,-1624.05
3750.0,-1734.07,-1862.38,-1605.76
3800.0,-1715.78,-1844.09,-1587.48
3850.0,-1697.49,-1825.79,-1569.19
3900.0,-1679.20,-1807.50,-1550.90
3950.0,-1660.91,-1789.21,-1532.61
4000.0,-1642.58,-1770.88,-1514.28
4050.0,-1624.29,-1752.59,-1495.99
4100.0,-1606.00,-1734.30,-1477.71
4150.0,-1587.67,-1715.97,-1459.37
4200.0,-1569.34,-1697.64,-1441.04
4250.0,-1551.01,-1679.31,-1422.71
4300.0,-1532.68,-1660.98,-1404.38
4350.0,-1514.31,-1642.61,-1386.01
4400.0,-1495.94,-1624.24,-1367.64
4450.0,-1477.57,-1605.87,-1349.27
4500.0,-1459.20,-1587.50,-1330.90
4550.0,-1440.83,-1569.13,-1312.53
4600.0,-1422.46,-1550.76,-1294.16
4650.0,-1404.09,-1532.39,-1275.79
4700.0,-1385.72,-1514.02,-1257.42
4750.0,-1367.35,-1495.65,-1239.05
4800.0,-1348.98,-1477.28,-1220.68
4850.0,-1330.61,-1458.91,-1202.31
4900.0,-1312.24,-1440.54,-1183.94
4950.0,-1293.87,-1422.17,-1165.57
5000.0,-1275.54,-1403.84,-1147.24
5050.0,-1257.21,-1385.51,-1128.92
5100.0,-1238.88,-1367.18,-1110.59
5150.0,-1220.55,-1348.85,-1092.26
5200.0,-1202.22,-1330.52,-1073.93
5250.0,-1183.89,-1312.19,-1055.60
5300.0,-1165.56,-1293.85,-1037.27
5350.0,-1147.23,-1275.52,-1018.94
5400.0,-1128.90,-1257.19,-1000.61
5450.0,-1110.57,-1238.86,-982.28
5500.0,-1092.24,-1220.53,-963.96
5550.0,-1073.91,-1202.20,-945.63
5600.0,-1055.58,-1183.87,-927.30
5650.0,-1037.25,-1165.54,-908.97
5700.0,-1018.92,-1147.21,-890.64
5750.0,-1000.59,-1128.88,-872.31
5800.0,-982.26,-1110.55,-853.98
5850.0,-963.89,-1092.18,-835.61
5900.0,-945.52,-1073.81,-817.24
5950.0,-927.15,-1055.44,-798.87
6000.0,-908.78,-1037.07,-780.50
6050.0,-890.41,-1018.70,-762.13
6100.0,-872.04,-1000.33,-743.76
6150.0,-853.67,-981.96,-725.39
6200.0,-835.30,-963.59,-707.02
6250.0,-816.93,-945.22,-688.65
6300.0,-798.56,-926.85,-670.28
6350.0,-780.19,-908.48,-651.91
6400.0,-761.82,-890.11,-633.54
6450.0,-743.45,-871.74,-615.17
6500.0,-725.08,-853.37,-596.80
6550.0,-706.71,-835.00,-578.43
6600.0,-688.34,-816.63,-560.06
6650.0,-669.97,-798.26,-541.69
6700.0,-651.60,-779.89,-523.32
6750.0,-633.23,-761.52,-504.95
6800.0,-614.86,-743.15,-486.58
6850.0,-596.49,-724.78,-468.21
6900.0,-578.12,-706.41,-449.84
6950.0,-559.75,-688.04,-431.47
7000.0,-541.38,-669.67,-413.10
7050.0,-523.01,-651.30,-394.73
7100.0,-504.64,-632.93,-376.36
7150.0,-486.27,-614.56,-357.99
7200.0,-467.90,-596.19,-339.62
7250.0,-449.53,-577.82,-321.25
7300.0,-431.16,-559.45,-302.88
7350.0,-412.79,-541.08,-284.51
7400.0,-394.42,-522.71,-266.14
7450.0,-376.05,-504.34,-247.77
7500.0,-357.68,-485.97,-229.40
7550.0,-339.31,-467.60,-211.03
7600.0,-320.94,-449.23,-192.66
7650.0,-302.57,-430.86,-174.29
7700.0,-284.20,-412.49,-155.92
7750.0,-265.83,-394.12,-137.55
