step,mean,ci_down,ci_up
26000.0,-0.02,-0.04,0.00
28000.0,-0.05,-0.08,-0.01
30000.0,-0.08,-0.13,-0.03
32000.0,-0.10,-0.16,-0.05
34000.0,-0.12,-0.18,-0.05
36000.0,-0.14,-0.19,-0.08
38000.0,-0.16,-0.22,-0.11
40000.0,-0.18,-0.24,-0.12
42000.0,-0.19,-0.25,-0.13
44000.0,-0.20,-0.26,-0.13
46000.0,-0.20,-0.27,-0.14
48000.0,-0.21,-0.28,-0.14
50000.0,-0.21,-0.29,-0.14
52000.0,-0.22,-0.29,-0.15
54000.0,-0.22,-0.30,-0.15
56000.0,-0.23,-0.31,-0.15
58000.0,-0.24,-0.32,-0.16
60000.0,-0.24,-0.32,-0.16
62000.0,-0.26,-0.34,-0.18
64000.0,-0.29,-0.38,-0.20
66000.0,-0.30,-0.39,-0.20
68000.0,-0.30,-0.40,-0.21
70000.0,-0.33,-0.43,-0.22
72000.0,-0.33,-0.44,-0.23
74000.0,-0.34,-0.45,-0.24
76000.0,-0.35,-0.46,-0.24
78000.0,-0.36,-0.47,-0.25
80000.0,-0.36,-0.47,-0.25
82000.0,-0.36,-0.47,-0.25
84000.0,-0.37,-0.48,-0.26
86000.0,-0.37,-0.48,-0.26
88000.0,-0.38,-0.48,-0.27
90000.0,-0.38,-0.49,-0.27
92000.0,-0.38,-0.49,-0.27
94000.0,-0.39,-0.49,-0.28
96000.0,-0.39,-0.50,-0.28
98000.0,-0.39,-0.50,-0.28
100000.0,-0.39,-0.50,-0.28
