step,mean,ci_down,ci_up
0.0,2.50,-2.52,7.52
2000.0,11.00,-3.07,25.07
4000.0,21.50,2.41,40.59
6000.0,31.00,8.89,53.11
8000.0,48.50,27.40,69.60
10000.0,59.50,48.45,70.55
12000.0,70.00,67.99,72.01
14000.0,79.00,72.97,85.03
16000.0,89.50,78.45,100.55
18000.0,96.00,83.94,108.06
20000.0,108.50,95.44,121.56
22000.0,121.00,86.84,155.16
24000.0,126.00,93.85,158.15
26000.0,132.50,87.28,177.72
28000.0,145.50,84.21,206.79
30000.0,155.50,96.22,214.78
32000.0,170.00,115.74,224.26
34000.0,193.50,136.23,250.77
36000.0,209.50,154.24,264.76
38000.0,224.00,177.78,270.22
40000.0,241.50,196.28,286.72
42000.0,261.00,214.78,307.22
44000.0,279.50,236.29,322.71
46000.0,295.00,246.77,343.23
48000.0,310.00,253.73,366.27
50000.0,330.50,267.20,393.80
52000.0,346.50,269.13,423.87
54000.0,364.00,267.54,460.46
56000.0,385.50,277.99,493.01
58000.0,406.00,289.44,522.56
60000.0,430.00,297.37,562.63
62000.0,449.00,300.29,597.71
64000.0,469.00,328.33,609.67
66000.0,482.00,343.34,620.66
68000.0,490.50,358.87,622.13
70000.0,500.00,367.37,632.63
72000.0,512.00,389.42,634.58
74000.0,527.50,407.93,647.07
76000.0,547.00,426.43,667.57
78000.0,563.00,442.43,683.57
80000.0,578.50,458.93,698.07
82000.0,598.50,482.95,714.05
84000.0,610.50,490.93,730.07
86000.0,626.50,500.90,752.10
88000.0,644.00,509.36,778.64
90000.0,661.00,526.36,795.64
92000.0,684.50,552.87,816.13
94000.0,694.50,560.86,828.14
96000.0,705.50,573.87,837.13
98000.0,720.00,601.44,838.56
