step,mean,ci_down,ci_up
0.0,30.05,16.51,43.58
2000.0,74.91,42.22,107.59
4000.0,142.00,95.45,188.56
6000.0,201.65,178.84,224.46
8000.0,281.80,258.41,305.19
10000.0,384.25,349.32,419.19
12000.0,485.07,451.03,519.11
14000.0,600.11,562.54,637.67
16000.0,708.26,631.79,784.74
18000.0,809.17,704.16,914.19
20000.0,918.94,796.65,1041.24
22000.0,982.52,931.59,1033.46
24000.0,1021.56,962.84,1080.28
26000.0,1079.31,1037.55,1121.07
28000.0,1138.28,1116.10,1160.45
30000.0,1214.84,1209.27,1220.42
32000.0,1304.39,1297.97,1310.82
34000.0,1374.78,1327.64,1421.92
36000.0,1458.38,1364.61,1552.15
38000.0,1547.00,1416.76,1677.24
40000.0,1639.21,1474.51,1803.91
42000.0,1734.50,1567.30,1901.70
44000.0,1839.77,1662.93,2016.61
46000.0,1941.06,1745.32,2136.81
48000.0,2032.37,1842.16,2222.58
50000.0,2125.53,1910.29,2340.76
52000.0,2228.57,1971.67,2485.47
54000.0,2328.60,2028.05,2629.15
56000.0,2435.91,2099.27,2772.55
58000.0,2535.87,2183.92,2887.81
60000.0,2634.65,2274.54,2994.75
62000.0,2735.48,2354.01,3116.94
64000.0,2834.69,2455.49,3213.88
66000.0,2942.94,2548.45,3337.42
68000.0,3026.89,2576.30,3477.48
70000.0,3113.96,2631.30,3596.62
72000.0,3202.63,2697.13,3708.12
74000.0,3292.03,2773.34,3810.72
76000.0,3383.98,2867.46,3900.50
78000.0,3480.26,2953.59,4006.93
80000.0,3583.95,3042.33,4125.56
82000.0,3679.52,3158.16,4200.88
84000.0,3785.45,3267.85,4303.04
86000.0,3884.46,3368.48,4400.44
88000.0,3974.41,3452.38,4496.44
90000.0,4080.11,3586.64,4573.57
92000.0,4186.03,3704.33,4667.74
94000.0,4306.43,3825.60,4787.26
96000.0,4411.82,3938.65,4884.98
98000.0,4513.40,4025.64,5001.15
