step,mean,ci_down,ci_up
26000.0,15.45,11.71,19.19
28000.0,27.82,21.01,34.63
30000.0,42.00,33.77,50.23
32000.0,59.18,48.74,69.62
34000.0,73.73,63.66,83.80
36000.0,88.91,80.20,97.62
38000.0,102.64,94.43,110.84
40000.0,118.73,110.11,127.34
42000.0,137.45,127.30,147.61
44000.0,157.09,144.41,169.78
46000.0,172.18,159.08,185.28
48000.0,188.55,173.54,203.55
50000.0,205.45,188.24,222.67
52000.0,223.64,207.15,240.12
54000.0,241.73,223.87,259.59
56000.0,258.18,238.37,277.99
58000.0,276.18,255.76,296.60
60000.0,293.82,272.00,315.64
62000.0,307.73,283.05,332.40
64000.0,320.45,292.37,348.54
66000.0,338.91,308.15,369.67
68000.0,359.18,327.85,390.51
70000.0,376.09,345.05,407.13
72000.0,391.36,360.40,422.33
74000.0,405.82,376.04,435.59
76000.0,423.27,393.71,452.84
78000.0,437.55,408.22,466.87
80000.0,453.73,423.57,483.89
82000.0,471.82,440.68,502.96
84000.0,489.45,458.92,519.99
86000.0,508.27,479.54,537.01
88000.0,527.18,498.49,555.87
90000.0,547.00,516.44,577.56
92000.0,566.55,534.97,598.13
94000.0,586.36,556.48,616.25
96000.0,600.55,570.27,630.82
98000.0,615.91,586.47,645.35
100000.0,632.18,604.77,659.60
