step,mean,ci_down,ci_up
0.0,-0.10,-0.16,-0.04
2000.0,-0.17,-0.28,-0.05
4000.0,-0.21,-0.32,-0.09
6000.0,-0.26,-0.31,-0.20
8000.0,-0.29,-0.29,-0.29
10000.0,-0.30,-0.32,-0.28
12000.0,-0.32,-0.35,-0.28
14000.0,-0.33,-0.36,-0.29
16000.0,-0.34,-0.39,-0.28
18000.0,-0.35,-0.42,-0.27
20000.0,-0.36,-0.43,-0.28
22000.0,-0.41,-0.43,-0.39
24000.0,-0.50,-0.54,-0.46
26000.0,-0.55,-0.56,-0.53
28000.0,-0.60,-0.64,-0.56
30000.0,-0.63,-0.69,-0.57
32000.0,-0.65,-0.70,-0.59
34000.0,-0.67,-0.70,-0.63
36000.0,-0.69,-0.69,-0.69
38000.0,-0.72,-0.75,-0.68
40000.0,-0.73,-0.77,-0.69
42000.0,-0.74,-0.79,-0.68
44000.0,-0.74,-0.80,-0.68
46000.0,-0.75,-0.81,-0.69
48000.0,-0.76,-0.83,-0.68
50000.0,-0.77,-0.84,-0.69
52000.0,-0.77,-0.85,-0.69
54000.0,-0.78,-0.87,-0.68
56000.0,-0.78,-0.88,-0.68
58000.0,-0.78,-0.88,-0.68
60000.0,-0.79,-0.88,-0.69
62000.0,-0.80,-0.89,-0.70
64000.0,-0.80,-0.89,-0.70
66000.0,-0.80,-0.89,-0.70
68000.0,-0.83,-0.96,-0.69
70000.0,-0.84,-0.98,-0.70
72000.0,-0.88,-1.07,-0.68
74000.0,-0.89,-1.08,-0.69
76000.0,-0.90,-1.09,-0.70
78000.0,-0.91,-1.10,-0.71
80000.0,-0.91,-1.09,-0.73
82000.0,-0.92,-1.09,-0.74
84000.0,-0.92,-1.08,-0.76
86000.0,-0.93,-1.09,-0.77
88000.0,-0.94,-1.10,-0.78
90000.0,-0.95,-1.11,-0.79
92000.0,-0.96,-1.11,-0.80
94000.0,-0.96,-1.10,-0.82
96000.0,-0.97,-1.10,-0.83
98000.0,-0.97,-1.11,-0.83
