step,mean,ci_down,ci_up
0.0,15.45,12.34,18.57
2000.0,12.50,8.68,16.32
4000.0,12.39,9.21,15.56
6000.0,15.89,13.42,18.37
8000.0,13.58,11.66,15.50
10000.0,13.71,11.19,16.23
12000.0,14.33,12.18,16.49
14000.0,13.55,11.58,15.52
16000.0,15.63,13.56,17.70
18000.0,15.92,13.82,18.02
20000.0,14.92,13.51,16.32
22000.0,15.61,13.95,17.27
24000.0,15.08,13.53,16.64
26000.0,17.08,15.50,18.67
28000.0,17.72,16.09,19.36
30000.0,16.83,15.37,18.30
32000.0,17.44,15.96,18.93
34000.0,17.50,15.55,19.45
36000.0,17.02,15.25,18.80
38000.0,16.45,14.68,18.22
40000.0,17.67,15.96,19.37
42000.0,18.05,16.56,19.54
44000.0,17.15,15.78,18.52
46000.0,17.78,16.21,19.36
48000.0,15.62,14.37,16.88
50000.0,16.75,15.39,18.11
52000.0,16.62,15.23,18.02
54000.0,17.56,16.05,19.07
56000.0,18.38,16.93,19.82
58000.0,16.00,14.43,17.57
60000.0,16.79,15.38,18.20
62000.0,17.27,15.77,18.78
64000.0,16.88,15.43,18.32
66000.0,18.42,17.13,19.71
68000.0,17.98,16.58,19.38
70000.0,17.21,15.81,18.60
72000.0,16.45,15.06,17.84
74000.0,17.96,16.72,19.20
