step,mean,ci_down,ci_up
6000.0,-0.05,-0.05,-0.04
8000.0,-0.08,-0.08,-0.07
10000.0,-0.10,-0.11,-0.09
12000.0,-0.11,-0.12,-0.10
14000.0,-0.13,-0.14,-0.12
16000.0,-0.15,-0.16,-0.13
18000.0,-0.16,-0.18,-0.15
20000.0,-0.17,-0.19,-0.16
22000.0,-0.18,-0.20,-0.17
24000.0,-0.20,-0.21,-0.18
26000.0,-0.21,-0.23,-0.19
28000.0,-0.22,-0.24,-0.20
30000.0,-0.24,-0.26,-0.22
32000.0,-0.25,-0.27,-0.23
34000.0,-0.26,-0.28,-0.23
36000.0,-0.26,-0.29,-0.24
38000.0,-0.27,-0.29,-0.25
40000.0,-0.28,-0.30,-0.26
42000.0,-0.29,-0.31,-0.27
44000.0,-0.30,-0.32,-0.28
46000.0,-0.30,-0.33,-0.28
48000.0,-0.31,-0.33,-0.29
50000.0,-0.32,-0.34,-0.29
52000.0,-0.32,-0.35,-0.30
54000.0,-0.33,-0.35,-0.31
56000.0,-0.34,-0.36,-0.31
58000.0,-0.34,-0.37,-0.32
60000.0,-0.35,-0.37,-0.32
62000.0,-0.35,-0.38,-0.33
64000.0,-0.36,-0.39,-0.33
66000.0,-0.37,-0.39,-0.34
68000.0,-0.37,-0.40,-0.35
70000.0,-0.38,-0.41,-0.35
72000.0,-0.39,-0.41,-0.36
74000.0,-0.39,-0.42,-0.36
76000.0,-0.40,-0.43,-0.37
78000.0,-0.40,-0.43,-0.37
80000.0,-0.41,-0.44,-0.38
82000.0,-0.41,-0.45,-0.38
84000.0,-0.42,-0.45,-0.38
86000.0,-0.42,-0.46,-0.39
88000.0,-0.43,-0.47,-0.40
90000.0,-0.44,-0.47,-0.40
92000.0,-0.44,-0.48,-0.41
94000.0,-0.45,-0.49,-0.41
96000.0,-0.46,-0.49,-0.42
98000.0,-0.46,-0.50,-0.42
100000.0,-0.46,-0.50,-0.43
