step,mean,ci_down,ci_up
6000.0,10.78,9.16,12.40
8000.0,23.78,21.40,26.16
10000.0,38.69,36.06,41.32
12000.0,54.34,51.48,57.21
14000.0,70.75,66.67,74.83
16000.0,88.16,83.48,92.83
18000.0,104.16,98.63,109.68
20000.0,119.62,113.83,125.42
22000.0,137.09,131.05,143.14
24000.0,153.88,147.03,160.72
26000.0,170.44,162.89,177.99
28000.0,186.62,177.84,195.41
30000.0,203.56,194.81,212.31
32000.0,220.69,211.79,229.59
34000.0,237.91,228.23,247.58
36000.0,255.16,245.17,265.14
38000.0,272.59,262.58,282.60
40000.0,290.28,280.18,300.38
42000.0,306.00,295.78,316.22
44000.0,322.34,311.75,332.94
46000.0,340.09,329.40,350.79
48000.0,358.16,347.07,369.24
50000.0,374.56,362.53,386.60
52000.0,391.22,378.69,403.74
54000.0,409.53,396.59,422.48
56000.0,425.53,412.49,438.57
58000.0,443.09,429.43,456.76
60000.0,461.53,447.29,475.77
62000.0,478.66,463.29,494.02
64000.0,496.94,480.89,512.98
66000.0,513.03,496.62,529.44
68000.0,529.34,511.89,546.80
70000.0,546.03,527.38,564.68
72000.0,563.84,544.48,583.21
74000.0,581.16,561.28,601.03
76000.0,600.31,579.22,621.41
78000.0,619.94,598.05,641.82
80000.0,638.10,615.62,660.58
82000.0,656.58,632.70,680.46
84000.0,673.26,649.16,697.35
86000.0,690.65,666.83,714.46
88000.0,707.10,683.69,730.50
90000.0,724.06,700.71,747.42
92000.0,742.35,718.89,765.82
94000.0,761.10,737.12,785.08
96000.0,778.00,753.77,802.23
98000.0,796.55,772.04,821.06
100000.0,814.65,790.08,839.21
