step,mean,ci_down,ci_up
2000.0,2.15,1.04,3.26
4000.0,7.69,6.21,9.16
6000.0,10.78,9.16,12.40
8000.0,13.00,11.43,14.57
10000.0,14.91,13.07,16.74
12000.0,15.66,13.79,17.53
14000.0,16.41,14.47,18.34
16000.0,17.41,15.78,19.04
18000.0,16.00,14.30,17.70
20000.0,15.47,13.46,17.47
22000.0,17.47,15.78,19.16
24000.0,16.78,14.78,18.78
26000.0,16.56,14.49,18.63
28000.0,16.19,13.71,18.67
30000.0,16.94,14.99,18.88
32000.0,17.12,15.49,18.76
34000.0,17.22,15.21,19.23
36000.0,17.25,15.23,19.27
38000.0,17.44,15.40,19.47
40000.0,17.69,15.84,19.53
42000.0,15.72,13.78,17.66
44000.0,16.34,14.56,18.13
46000.0,17.75,15.36,20.14
48000.0,18.06,16.01,20.12
50000.0,16.41,14.44,18.37
52000.0,16.66,14.65,18.67
54000.0,18.31,16.08,20.54
56000.0,16.00,14.01,17.99
58000.0,17.56,16.02,19.10
60000.0,18.44,16.15,20.72
62000.0,17.12,15.04,19.21
64000.0,18.28,16.47,20.09
66000.0,16.09,14.14,18.05
68000.0,16.31,14.16,18.46
70000.0,16.69,14.43,18.94
72000.0,17.81,15.80,19.82
74000.0,17.31,15.48,19.15
76000.0,19.16,16.88,21.43
78000.0,18.13,16.40,19.86
80000.0,18.16,16.48,19.84
82000.0,18.48,16.47,20.50
84000.0,16.68,14.63,18.73
86000.0,17.39,15.29,19.48
88000.0,16.45,14.37,18.53
90000.0,16.97,14.85,19.09
92000.0,18.29,16.06,20.52
94000.0,18.74,16.55,20.93
96000.0,16.90,14.83,18.98
98000.0,18.55,16.77,20.33
100000.0,18.10,16.19,20.01
