step,mean,ci_down,ci_up
550.0,-10.00,-10.00,-10.00
600.0,-3128.79,-3128.79,-3128.79
650.0,-3138.79,-3138.79,-3138.79
700.0,-3148.79,-3148.79,-3148.79
750.0,-3158.79,-3158.79,-3158.79
800.0,-3168.79,-3168.79,-3168.79
850.0,-3178.79,-3178.79,-3178.79
900.0,-3188.79,-3188.79,-3188.79
950.0,-3198.79,-3198.79,-3198.79
1000.0,-3208.79,-3208.79,-3208.79
1050.0,-3218.79,-3218.79,-3218.79
1100.0,-10633.74,-10633.74,-10633.74
1150.0,-10643.74,-10643.74,-10643.74
1200.0,-10653.74,-10653.74,-10653.74
1250.0,-10663.74,-10663.74,-10663.74
1300.0,-10673.74,-10673.74,-10673.74
1350.0,-10683.74,-10683.74,-10683.74
1400.0,-10693.74,-10693.74,-10693.74
1450.0,-10703.74,-10703.74,-10703.74
1500.0,-10713.74,-10713.74,-10713.74
1550.0,-10723.74,-10723.74,-10723.74
1600.0,-10733.74,-10733.74,-10733.74
1650.0,-10743.74,-10743.74,-10743.74
1700.0,-10753.74,-10753.74,-10753.74
1750.0,-10763.74,-10763.74,-10763.74
1800.0,-10773.74,-10773.74,-10773.74
1850.0,-10783.74,-10783.74,-10783.74
1900.0,-10793.74,-10793.74,-10793.74
1950.0,-10803.74,-10803.74,-10803.74
2000.0,-10813.74,-10813.74,-10813.74
2050.0,-10823.74,-10823.74,-10823.74
2100.0,-10833.74,-10833.74,-10833.74
2150.0,-10843.74,-10843.74,-10843.74
2200.0,-10853.74,-10853.74,-10853.74
2250.0,-10863.74,-10863.74,-10863.74
2300.0,-10873.74,-10873.74,-10873.74
2350.0,-10883.74,-10883.74,-10883.74
2400.0,-10893.74,-10893.74,-10893.74
2450.0,-10903.74,-10903.74,-10903.74
2500.0,-10913.74,-10913.74,-10913.74
2550.0,-10923.74,-10923.74,-10923.74
2600.0,-10933.74,-10933.74,-10933.74
2650.0,-10915.37,-10915.37,-10915.37
2700.0,-10925.37,-10925.37,-10925.37
2750.0,-10907.00,-10907.00,-10907.00
2800.0,-10888.63,-10888.63,-10888.63
2850.0,-10870.26,-10870.26,-10870.26
2900.0,-10851.89,-10851.89,-10851.89
2950.0,-10833.52,-10833.52,-10833.52
3000.0,-10815.15,-10815.15,-10815.15
3050.0,-10796.78,-10796.78,-10796.78
3100.0,-10778.41,-10778.41,-10778.41
3150.0,-10760.04,-10760.04,-10760.04
3200.0,-10741.67,-10741.67,-10741.67
3250.0,-10723.30,-10723.30,-10723.30
3300.0,-10704.93,-10704.93,-10704.93
3350.0,-10686.56,-10686.56,-10686.56
3400.0,-10668.19,-10668.19,-10668.19
3450.0,-10649.82,-10649.82,-10649.82
3500.0,-10631.45,-10631.45,-10631.45
3550.0,-10613.08,-10613.08,-10613.08
3600.0,-10594.71,-10594.71,-10594.71
3650.0,-10576.34,-10576.34,-10576.34
3700.0,-10557.97,-10557.97,-10557.97
3750.0,-10539.60,-10539.60,-10539.60
3800.0,-10521.23,-10521.23,-10521.23
3850.0,-10502.86,-10502.86,-10502.86
3900.0,-10484.49,-10484.49,-10484.49
3950.0,-10466.12,-10466.12,-10466.12
4000.0,-10447.75,-10447.75,-10447.75
4050.0,-10429.38,-10429.38,-10429.38
4100.0,-10411.01,-10411.01,-10411.01
4150.0,-10392.64,-10392.64,-10392.64
4200.0,-10374.27,-10374.27,-10374.27
4250.0,-10355.90,-10355.90,-10355.90
4300.0,-10337.53,-10337.53,-10337.53
4350.0,-10319.16,-10319.16,-10319.16
4400.0,-10300.79,-10300.79,-10300.79
4450.0,-10282.42,-10282.42,-10282.42
4500.0,-10264.05,-10264.05,-10264.05
4550.0,-10245.68,-10245.68,-10245.68
4600.0,-10227.31,-10227.31,-10227.31
4650.0,-10208.94,-10208.94,-10208.94
4700.0,-10190.57,-10190.57,-10190.57
4750.0,-10172.20,-10172.20,-10172.20
4800.0,-10153.83,-10153.83,-10153.83
4850.0,-10135.46,-10135.46,-10135.46
4900.0,-10117.09,-10117.09,-10117.09
4950.0,-10098.72,-10098.72,-10098.72
5000.0,-10080.35,-10080.35,-10080.35
5050.0,-10061.98,-10061.98,-10061.98
5100.0,-10043.61,-10043.61,-10043.61
5150.0,-10025.24,-10025.24,-10025.24
5200.0,-10006.87,-10006.87,-10006.87
5250.0,-9988.50,-9988.50,-9988.50
5300.0,-9970.13,-9970.13,-9970.13
5350.0,-9951.76,-9951.76,-9951.76
5400.0,-9933.39,-9933.39,-9933.39
5450.0,-9915.02,-9915.02,-9915.02
5500.0,-9896.65,-9896.65,-9896.65
5550.0,-9878.28,-9878.28,-9878.28
5600.0,-9859.91,-9859.91,-9859.91
5650.0,-9841.54,-9841.54,-9841.54
5700.0,-9823.17,-9823.17,-9823.17
5750.0,-9804.80,-9804.80,-9804.80
5800.0,-9786.43,-9786.43,-9786.43
5850.0,-9768.06,-9768.06,-9768.06
5900.0,-9749.69,-9749.69,-9749.69
5950.0,-9731.32,-9731.32,-9731.32
6000.0,-9712.95,-9712.95,-9712.95
6050.0,-9694.58,-9694.58,-9694.58
6100.0,-9676.21,-9676.21,-9676.21
6150.0,-9657.84,-9657.84,-9657.84
6200.0,-9639.47,-9639.47,-9639.47
6250.0,-9621.10,-9621.10,-9621.10
6300.0,-9602.73,-9602.73,-9602.73
6350.0,-9584.36,-9584.36,-9584.36
6400.0,-9565.99,-9565.99,-9565.99
6450.0,-9547.62,-9547.62,-9547.62
6500.0,-9529.25,-9529.25,-9529.25
6550.0,-9510.88,-9510.88,-9510.88
6600.0,-9492.51,-9492.51,-9492.51
6650.0,-9474.14,-9474.14,-9474.14
6700.0,-9455.77,-9455.77,-9455.77
6750.0,-9437.40,-9437.40,-9437.40
6800.0,-9419.03,-9419.03,-9419.03
6850.0,-9400.66,-9400.66,-9400.66
6900.0,-9382.29,-9382.29,-9382.29
6950.0,-9363.92,-9363.92,-9363.92
7000.0,-9345.55,-9345.55,-9345.55
7050.0,-9327.18,-9327.18,-9327.18
7100.0,-9308.81,-9308.81,-9308.81
7150.0,-9290.44,-9290.44,-9290.44
7200.0,-9272.07,-9272.07,-9272.07
7250.0,-9253.70,-9253.70,-9253.70
7300.0,-9235.33,-9235.33,-9235.33
7350.0,-9216.96,-9216.96,-9216.96
7400.0,-9198.59,-9198.59,-9198.59
7450.0,-9180.22,-9180.22,-9180.22
7500.0,-9161.85,-9161.85,-9161.85
7550.0,-9143.48,-9143.48,-9143.48
7600.0,-9125.11,-9125.11,-9125.11
7650.0,-9106.74,-9106.74,-9106.74
7700.0,-9088.37,-9088.37,-9088.37
7750.0,-9070.00,-9070.00,-9070.00
7800.0,-9051.63,-9051.63,-9051.63
7850.0,-9033.26,-9033.26,-9033.26
7900.0,-9014.89,-9014.89,-9014.89
7950.0,-8996.52,-8996.52,-8996.52
8000.0,-8978.15,-8978.15,-8978.15
