step,mean,ci_down,ci_up
0.0,56.48,55.16,57.80
50.0,234.70,231.89,237.52
100.0,432.15,428.97,435.32
150.0,631.09,627.72,634.46
200.0,830.60,827.07,834.13
250.0,1030.27,1026.65,1033.88
300.0,1230.10,1226.37,1233.83
350.0,1429.96,1426.10,1433.82
400.0,1629.42,1625.48,1633.37
450.0,1829.19,1825.18,1833.20
500.0,2028.75,2024.62,2032.88
550.0,2229.48,2225.27,2233.69
600.0,2430.08,2425.80,2434.35
650.0,2631.34,2627.04,2635.65
700.0,2833.00,2828.67,2837.33
750.0,3034.57,3030.22,3038.91
800.0,3236.39,3232.03,3240.75
850.0,3438.22,3433.86,3442.58
900.0,3640.13,3635.77,3644.49
950.0,3842.13,3837.77,3846.49
1000.0,4043.95,4039.58,4048.32
1050.0,4245.59,4241.20,4249.97
1100.0,4447.59,4443.20,4451.97
1150.0,4649.51,4645.13,4653.90
1200.0,4851.34,4846.94,4855.73
1250.0,5053.16,5048.76,5057.56
1300.0,5254.99,5250.58,5259.40
1350.0,5456.72,5452.30,5461.14
1400.0,5658.48,5654.05,5662.92
1450.0,5860.26,5855.80,5864.71
1500.0,6062.17,6057.71,6066.64
1550.0,6264.08,6259.62,6268.55
1600.0,6466.01,6461.53,6470.48
1650.0,6667.74,6663.25,6672.24
1700.0,6869.56,6865.05,6874.07
1750.0,7071.47,7066.96,7075.99
1800.0,7273.38,7268.86,7277.91
1850.0,7474.84,7470.29,7479.38
1900.0,7676.56,7671.98,7681.14
1950.0,7878.02,7873.40,7882.64
2000.0,8079.11,8074.43,8083.78
2050.0,8280.01,8275.24,8284.78
2100.0,8479.83,8474.95,8484.71
2150.0,8679.83,8674.85,8684.80
2200.0,8878.28,8873.09,8883.47
2250.0,9075.00,9069.50,9080.50
2300.0,9270.18,9264.13,9276.23
2350.0,9460.53,9453.73,9467.32
2400.0,9647.23,9639.40,9655.06
2450.0,9828.11,9818.94,9837.29
2500.0,10002.62,9991.77,10013.47
2550.0,10166.65,10153.86,10179.44
2600.0,10323.04,10308.04,10338.04
2650.0,10463.86,10446.56,10481.16
2700.0,10589.93,10570.19,10609.67
2750.0,10697.79,10675.67,10719.91
2800.0,10792.36,10767.84,10816.87
2850.0,10870.63,10843.96,10897.30
2900.0,10931.33,10902.92,10959.74
2950.0,10984.01,10954.01,11014.02
3000.0,11025.59,10994.37,11056.82
3050.0,11058.88,11026.82,11090.95
3100.0,11086.90,11054.26,11119.54
3150.0,11110.63,11077.68,11143.57
3200.0,11133.00,11099.84,11166.15
3250.0,11153.91,11120.66,11187.15
3300.0,11174.09,11140.82,11207.35
3350.0,11194.18,11160.90,11227.46
3400.0,11214.18,11180.90,11247.46
3450.0,11234.18,11200.90,11267.46
3500.0,11254.18,11220.90,11287.46
3550.0,11274.18,11240.90,11307.46
3600.0,11294.18,11260.90,11327.46
3650.0,11314.18,11280.90,11347.46
3700.0,11334.18,11300.90,11367.46
3750.0,11354.18,11320.90,11387.46
3800.0,11374.27,11340.99,11407.55
3850.0,11394.36,11361.08,11427.64
3900.0,11414.45,11381.18,11447.73
3950.0,11434.45,11401.18,11467.73
4000.0,11454.45,11421.18,11487.73
4050.0,11474.45,11441.18,11507.73
4100.0,11494.54,11461.27,11527.82
4150.0,11514.64,11481.36,11547.91
4200.0,11534.64,11501.36,11567.91
4250.0,11554.64,11521.36,11587.91
4300.0,11574.73,11541.46,11608.00
4350.0,11594.73,11561.46,11628.00
4400.0,11614.73,11581.46,11648.00
4450.0,11634.73,11601.46,11668.00
4500.0,11654.73,11621.46,11688.00
4550.0,11674.73,11641.46,11708.00
4600.0,11694.73,11661.46,11728.00
4650.0,11714.73,11681.46,11748.00
4700.0,11734.73,11701.46,11768.00
4750.0,11754.73,11721.46,11788.00
4800.0,11774.73,11741.46,11808.00
4850.0,11794.73,11761.46,11828.00
4900.0,11814.73,11781.46,11848.00
4950.0,11834.82,11801.54,11868.09
5000.0,11854.82,11821.54,11888.09
5050.0,11874.91,11841.64,11908.18
5100.0,11895.00,11861.73,11928.27
5150.0,11915.00,11881.73,11948.27
5200.0,11935.00,11901.73,11968.27
5250.0,11955.00,11921.73,11988.27
5300.0,11975.00,11941.73,12008.27
5350.0,11995.00,11961.73,12028.27
5400.0,12015.09,11981.82,12048.36
5450.0,12035.09,12001.82,12068.36
5500.0,12055.09,12021.82,12088.36
5550.0,12075.09,12041.82,12108.36
5600.0,12095.09,12061.82,12128.36
5650.0,12115.09,12081.82,12148.36
5700.0,12135.09,12101.82,12168.36
5750.0,12155.09,12121.82,12188.36
5800.0,12175.09,12141.82,12208.36
5850.0,12195.09,12161.82,12228.36
5900.0,12215.09,12181.82,12248.36
5950.0,12235.09,12201.82,12268.36
6000.0,12255.18,12221.91,12288.45
6050.0,12275.27,12242.00,12308.54
6100.0,12295.36,12262.10,12328.63
6150.0,12315.45,12282.18,12348.73
6200.0,12335.45,12302.18,12368.73
6250.0,12355.55,12322.27,12388.82
6300.0,12375.64,12342.36,12408.91
6350.0,12395.73,12362.45,12429.01
6400.0,12415.73,12382.45,12449.01
6450.0,12435.82,12402.53,12469.11
6500.0,12455.91,12422.62,12489.20
6550.0,12476.00,12442.70,12509.30
6600.0,12496.00,12462.70,12529.30
6650.0,12516.09,12482.78,12549.40
6700.0,12536.18,12502.87,12569.50
6750.0,12556.27,12522.95,12589.60
6800.0,12576.27,12542.95,12609.60
6850.0,12596.37,12563.03,12629.70
6900.0,12616.46,12583.11,12649.81
6950.0,12636.55,12603.18,12669.91
7000.0,12656.55,12623.18,12689.91
7050.0,12676.55,12643.18,12709.91
7100.0,12696.55,12663.18,12729.91
7150.0,12716.55,12683.18,12749.91
7200.0,12736.55,12703.18,12769.91
7250.0,12756.55,12723.18,12789.91
7300.0,12776.55,12743.18,12809.91
7350.0,12796.64,12763.28,12830.00
7400.0,12816.73,12783.37,12850.09
7450.0,12836.82,12803.46,12870.18
7500.0,12856.91,12823.55,12890.27
7550.0,12877.00,12843.64,12910.36
7600.0,12897.09,12863.73,12930.46
7650.0,12917.18,12883.82,12950.55
7700.0,12937.28,12903.91,12970.65
7750.0,12957.37,12923.99,12990.74
7800.0,12977.46,12944.08,13010.84
7850.0,12997.64,12964.25,13031.03
7900.0,13017.82,12984.42,13051.22
7950.0,13038.00,13004.59,13071.42
8000.0,13058.19,13024.76,13091.62
