step,mean,ci_down,ci_up
800.0,-10.70,-11.46,-9.95
850.0,-21.19,-22.21,-20.17
900.0,-31.42,-32.54,-30.30
950.0,-41.42,-42.54,-40.30
1000.0,-51.79,-53.03,-50.56
1050.0,-62.70,-64.19,-61.21
1100.0,-72.70,-74.19,-71.21
1150.0,-82.83,-84.34,-81.32
1200.0,-93.03,-94.58,-91.47
1250.0,-103.40,-105.05,-101.75
1300.0,-113.60,-115.27,-111.93
1350.0,-123.86,-125.59,-122.13
1400.0,-134.23,-136.02,-132.45
1450.0,-144.63,-146.55,-142.71
1500.0,-154.80,-156.75,-152.84
1550.0,-164.79,-166.75,-162.83
1600.0,-174.85,-176.81,-172.89
1650.0,-185.22,-187.23,-183.21
1700.0,-195.24,-197.25,-193.23
1750.0,-205.23,-207.24,-203.22
1800.0,-215.21,-217.22,-213.20
1850.0,-225.13,-227.14,-223.12
1900.0,-235.09,-237.09,-233.08
1950.0,-245.00,-247.00,-243.01
2000.0,-254.86,-256.86,-252.87
2050.0,-264.69,-266.68,-262.70
2100.0,-274.35,-276.35,-272.35
2150.0,-284.04,-286.04,-282.04
2200.0,-293.49,-295.50,-291.49
2250.0,-302.68,-304.71,-300.65
2300.0,-311.63,-313.70,-309.56
2350.0,-319.82,-321.95,-317.68
2400.0,-327.44,-329.66,-325.22
2450.0,-334.15,-336.50,-331.80
2500.0,-339.87,-342.40,-337.34
2550.0,-343.95,-346.69,-341.20
2600.0,-346.84,-349.82,-343.85
2650.0,-347.31,-350.59,-344.04
2700.0,-345.49,-349.08,-341.89
2750.0,-340.81,-344.74,-336.89
2800.0,-334.07,-338.33,-329.81
2850.0,-324.79,-329.35,-320.22
2900.0,-312.76,-317.58,-307.95
2950.0,-299.49,-304.53,-294.45
3000.0,-284.49,-289.71,-279.26
3050.0,-268.19,-273.53,-262.85
3100.0,-251.07,-256.49,-245.64
3150.0,-233.28,-238.75,-227.81
3200.0,-215.28,-220.78,-209.78
3250.0,-197.05,-202.57,-191.53
3300.0,-178.71,-184.23,-173.19
3350.0,-160.35,-165.87,-154.83
3400.0,-141.98,-147.50,-136.46
3450.0,-123.61,-129.13,-118.09
3500.0,-105.24,-110.76,-99.72
3550.0,-86.87,-92.39,-81.35
3600.0,-68.50,-74.02,-62.98
3650.0,-50.13,-55.65,-44.61
3700.0,-31.76,-37.28,-26.24
3750.0,-13.39,-18.91,-7.87
3800.0,4.96,-0.56,10.48
3850.0,23.32,17.80,28.84
3900.0,41.68,36.15,47.20
3950.0,60.05,54.52,65.57
4000.0,78.42,72.89,83.94
4050.0,96.79,91.26,102.31
4100.0,115.14,109.62,120.66
4150.0,133.50,127.98,139.02
4200.0,151.87,146.35,157.39
4250.0,170.24,164.72,175.76
4300.0,188.59,183.07,194.11
4350.0,206.96,201.44,212.48
4400.0,225.33,219.81,230.85
4450.0,243.70,238.18,249.22
4500.0,262.07,256.55,267.59
4550.0,280.44,274.92,285.96
4600.0,298.81,293.29,304.33
4650.0,317.18,311.66,322.70
4700.0,335.55,330.03,341.07
4750.0,353.92,348.40,359.44
4800.0,372.29,366.77,377.81
4850.0,390.66,385.14,396.18
4900.0,409.03,403.51,414.55
4950.0,427.39,421.87,432.91
5000.0,445.76,440.24,451.28
5050.0,464.11,458.59,469.64
5100.0,482.47,476.95,487.99
5150.0,500.84,495.32,506.36
5200.0,519.21,513.69,524.73
5250.0,537.58,532.06,543.10
5300.0,555.95,550.43,561.47
5350.0,574.32,568.80,579.84
5400.0,592.68,587.16,598.20
5450.0,611.05,605.53,616.57
5500.0,629.42,623.90,634.94
5550.0,647.79,642.27,653.31
5600.0,666.16,660.64,671.68
5650.0,684.53,679.01,690.05
5700.0,702.90,697.38,708.42
5750.0,721.27,715.75,726.79
5800.0,739.64,734.12,745.16
5850.0,758.01,752.49,763.53
5900.0,776.38,770.86,781.90
5950.0,794.75,789.23,800.27
6000.0,813.10,807.58,818.62
6050.0,831.46,825.94,836.98
6100.0,849.81,844.29,855.33
6150.0,868.17,862.65,873.69
6200.0,886.54,881.02,892.06
6250.0,904.89,899.37,910.42
6300.0,923.25,917.73,928.77
6350.0,941.61,936.08,947.13
6400.0,959.98,954.45,965.50
6450.0,978.33,972.81,983.85
6500.0,996.69,991.16,1002.21
6550.0,1015.04,1009.52,1020.57
6600.0,1033.41,1027.89,1038.94
6650.0,1051.77,1046.24,1057.30
6700.0,1070.13,1064.60,1075.65
6750.0,1088.48,1082.95,1094.01
6800.0,1106.85,1101.32,1112.38
6850.0,1125.21,1119.68,1130.74
6900.0,1143.56,1138.03,1149.09
6950.0,1161.92,1156.39,1167.45
7000.0,1180.29,1174.76,1185.82
7050.0,1198.66,1193.13,1204.19
7100.0,1217.03,1211.50,1222.56
7150.0,1235.40,1229.87,1240.93
7200.0,1253.77,1248.24,1259.30
7250.0,1272.14,1266.61,1277.67
7300.0,1290.51,1284.98,1296.04
7350.0,1308.86,1303.33,1314.40
7400.0,1327.22,1321.69,1332.75
7450.0,1345.58,1340.04,1351.11
7500.0,1363.93,1358.40,1369.46
7550.0,1382.29,1376.75,1387.82
7600.0,1400.64,1395.11,1406.18
7650.0,1419.00,1413.47,1424.53
7700.0,1437.36,1431.82,1442.89
7750.0,1455.71,1450.18,1461.25
7800.0,1474.07,1468.53,1479.60
7850.0,1492.41,1486.87,1497.95
7900.0,1510.75,1505.21,1516.29
7950.0,1529.09,1523.55,1534.63
8000.0,1547.43,1541.89,1552.98
