step,mean,ci_down,ci_up
0.0,-2214.78,-2250.90,-2178.66
50.0,-2425.92,-2470.36,-2381.48
100.0,-2470.11,-2516.83,-2423.40
150.0,-2493.29,-2540.85,-2445.74
200.0,-2513.09,-2560.88,-2465.29
250.0,-2534.49,-2582.50,-2486.48
300.0,-2554.25,-2602.28,-2506.23
350.0,-2574.47,-2622.67,-2526.27
400.0,-2595.35,-2643.51,-2547.20
450.0,-2616.23,-2664.46,-2568.01
500.0,-2638.36,-2686.78,-2589.93
550.0,-2655.46,-2704.05,-2606.87
600.0,-2670.94,-2719.53,-2622.35
650.0,-2683.64,-2732.33,-2634.95
700.0,-2695.00,-2743.73,-2646.27
750.0,-2706.25,-2755.00,-2657.50
800.0,-2716.95,-2765.72,-2668.18
850.0,-2727.44,-2776.21,-2678.66
900.0,-2737.67,-2786.44,-2688.90
950.0,-2747.67,-2796.44,-2698.90
1000.0,-2758.04,-2806.83,-2709.26
1050.0,-2768.95,-2817.73,-2720.18
1100.0,-2778.95,-2827.73,-2730.18
1150.0,-2789.08,-2837.86,-2740.30
1200.0,-2799.28,-2848.05,-2750.50
1250.0,-2809.65,-2858.43,-2760.87
1300.0,-2819.85,-2868.62,-2771.07
1350.0,-2830.11,-2878.88,-2781.34
1400.0,-2840.48,-2889.26,-2791.71
1450.0,-2850.88,-2899.66,-2802.10
1500.0,-2861.05,-2909.84,-2812.25
1550.0,-2871.04,-2919.83,-2822.25
1600.0,-2881.10,-2929.90,-2832.31
1650.0,-2891.47,-2940.27,-2842.67
1700.0,-2901.49,-2950.29,-2852.69
1750.0,-2911.48,-2960.28,-2862.68
1800.0,-2921.46,-2970.26,-2872.66
1850.0,-2931.38,-2980.18,-2882.58
1900.0,-2941.34,-2990.14,-2892.54
1950.0,-2951.25,-3000.05,-2902.45
2000.0,-2961.11,-3009.91,-2912.31
2050.0,-2970.94,-3019.74,-2922.14
2100.0,-2980.60,-3029.40,-2931.81
2150.0,-2990.29,-3039.08,-2941.50
2200.0,-2999.74,-3048.53,-2950.95
2250.0,-3008.93,-3057.73,-2960.13
2300.0,-3017.88,-3066.68,-2969.08
2350.0,-3026.07,-3074.88,-2977.26
2400.0,-3033.69,-3082.52,-2984.86
2450.0,-3040.40,-3089.23,-2991.58
2500.0,-3046.12,-3094.93,-2997.31
2550.0,-3050.20,-3099.00,-3001.40
2600.0,-3053.09,-3101.88,-3004.30
2650.0,-3053.56,-3102.36,-3004.76
2700.0,-3051.74,-3100.54,-3002.93
2750.0,-3047.06,-3095.87,-2998.26
2800.0,-3040.32,-3089.14,-2991.49
2850.0,-3031.04,-3079.88,-2982.19
2900.0,-3019.01,-3067.87,-2970.16
2950.0,-3005.74,-3054.61,-2956.87
3000.0,-2990.74,-3039.63,-2941.84
3050.0,-2974.44,-3023.36,-2925.52
3100.0,-2957.32,-3006.25,-2908.38
3150.0,-2939.53,-2988.47,-2890.59
3200.0,-2921.53,-2970.48,-2872.58
3250.0,-2903.30,-2952.25,-2854.35
3300.0,-2884.96,-2933.91,-2836.01
3350.0,-2866.60,-2915.56,-2817.65
3400.0,-2848.23,-2897.19,-2799.28
3450.0,-2829.86,-2878.82,-2780.91
3500.0,-2811.49,-2860.45,-2762.54
3550.0,-2793.12,-2842.08,-2744.17
3600.0,-2774.75,-2823.71,-2725.80
3650.0,-2756.38,-2805.34,-2707.43
3700.0,-2738.01,-2786.97,-2689.06
3750.0,-2719.64,-2768.60,-2670.69
3800.0,-2701.29,-2750.24,-2652.33
3850.0,-2682.93,-2731.88,-2633.98
3900.0,-2664.57,-2713.53,-2615.62
3950.0,-2646.20,-2695.16,-2597.25
4000.0,-2627.83,-2676.79,-2578.88
4050.0,-2609.46,-2658.42,-2560.51
4100.0,-2591.11,-2640.06,-2542.15
4150.0,-2572.75,-2621.71,-2523.80
4200.0,-2554.38,-2603.34,-2505.43
4250.0,-2536.01,-2584.97,-2487.06
4300.0,-2517.66,-2566.62,-2468.70
4350.0,-2499.29,-2548.25,-2450.33
4400.0,-2480.92,-2529.88,-2431.96
4450.0,-2462.55,-2511.51,-2413.59
4500.0,-2444.18,-2493.14,-2395.22
4550.0,-2425.81,-2474.77,-2376.85
4600.0,-2407.44,-2456.40,-2358.48
4650.0,-2389.07,-2438.03,-2340.11
4700.0,-2370.70,-2419.66,-2321.74
4750.0,-2352.33,-2401.29,-2303.37
4800.0,-2333.96,-2382.92,-2285.00
4850.0,-2315.59,-2364.55,-2266.63
4900.0,-2297.22,-2346.18,-2248.26
4950.0,-2278.86,-2327.82,-2229.90
5000.0,-2260.49,-2309.45,-2211.53
5050.0,-2242.14,-2291.09,-2193.18
5100.0,-2223.78,-2272.74,-2174.82
5150.0,-2205.41,-2254.37,-2156.45
5200.0,-2187.04,-2236.00,-2138.08
5250.0,-2168.67,-2217.63,-2119.71
5300.0,-2150.30,-2199.26,-2101.34
5350.0,-2131.93,-2180.89,-2082.97
5400.0,-2113.57,-2162.53,-2064.62
5450.0,-2095.20,-2144.16,-2046.25
5500.0,-2076.83,-2125.79,-2027.88
5550.0,-2058.46,-2107.42,-2009.51
5600.0,-2040.09,-2089.05,-1991.14
5650.0,-2021.72,-2070.68,-1972.77
5700.0,-2003.35,-2052.31,-1954.40
5750.0,-1984.98,-2033.94,-1936.03
5800.0,-1966.61,-2015.57,-1917.66
5850.0,-1948.24,-1997.20,-1899.29
5900.0,-1929.87,-1978.83,-1880.92
5950.0,-1911.50,-1960.46,-1862.55
6000.0,-1893.15,-1942.11,-1844.19
6050.0,-1874.79,-1923.75,-1825.84
6100.0,-1856.44,-1905.39,-1807.48
6150.0,-1838.08,-1887.04,-1789.12
6200.0,-1819.71,-1868.67,-1770.75
6250.0,-1801.36,-1850.31,-1752.40
6300.0,-1783.00,-1831.96,-1734.04
6350.0,-1764.64,-1813.60,-1715.69
6400.0,-1746.27,-1795.23,-1697.32
6450.0,-1727.92,-1776.87,-1678.96
6500.0,-1709.56,-1758.52,-1660.61
6550.0,-1691.21,-1740.16,-1642.25
6600.0,-1672.84,-1721.79,-1623.88
6650.0,-1654.48,-1703.44,-1605.52
6700.0,-1636.12,-1685.08,-1587.17
6750.0,-1617.77,-1666.72,-1568.81
6800.0,-1599.40,-1648.35,-1550.44
6850.0,-1581.04,-1630.00,-1532.09
6900.0,-1562.69,-1611.64,-1513.73
6950.0,-1544.33,-1593.29,-1495.38
7000.0,-1525.96,-1574.92,-1477.01
7050.0,-1507.59,-1556.55,-1458.64
7100.0,-1489.22,-1538.18,-1440.27
7150.0,-1470.85,-1519.81,-1421.90
7200.0,-1452.48,-1501.44,-1403.53
7250.0,-1434.11,-1483.07,-1385.16
7300.0,-1415.74,-1464.70,-1366.79
7350.0,-1397.39,-1446.34,-1348.43
7400.0,-1379.03,-1427.99,-1330.07
7450.0,-1360.67,-1409.63,-1311.72
7500.0,-1342.32,-1391.28,-1293.36
7550.0,-1323.96,-1372.92,-1275.00
7600.0,-1305.61,-1354.57,-1256.65
7650.0,-1287.25,-1336.21,-1238.29
7700.0,-1268.89,-1317.86,-1219.93
7750.0,-1250.54,-1299.50,-1201.58
7800.0,-1232.18,-1281.15,-1183.22
7850.0,-1213.84,-1262.81,-1164.88
7900.0,-1195.50,-1244.47,-1146.53
7950.0,-1177.16,-1226.13,-1128.19
8000.0,-1158.82,-1207.78,-1109.85
