step,mean,ci_down,ci_up
500.0,200.12,199.76,200.48
550.0,400.90,400.44,401.37
600.0,601.85,601.31,602.39
650.0,803.21,802.64,803.79
700.0,1004.76,1004.16,1005.36
750.0,1206.39,1205.78,1207.01
800.0,1408.20,1407.57,1408.83
850.0,1609.95,1609.31,1610.59
900.0,1811.81,1811.16,1812.46
950.0,2013.70,2013.05,2014.36
1000.0,2215.58,2214.91,2216.24
1050.0,2417.41,2416.74,2418.08
1100.0,2619.30,2618.63,2619.98
1150.0,2821.22,2820.54,2821.90
1200.0,3023.15,3022.47,3023.83
1250.0,3224.88,3224.18,3225.58
1300.0,3426.75,3426.04,3427.45
1350.0,3628.59,3627.88,3629.30
1400.0,3830.51,3829.80,3831.23
1450.0,4032.38,4031.66,4033.10
1500.0,4234.27,4233.54,4235.00
1550.0,4436.20,4435.47,4436.93
1600.0,4638.03,4637.30,4638.77
1650.0,4839.84,4839.10,4840.59
1700.0,5041.60,5040.84,5042.37
1750.0,5243.40,5242.62,5244.17
1800.0,5445.19,5444.39,5445.98
1850.0,5646.83,5646.02,5647.65
1900.0,5848.36,5847.52,5849.20
1950.0,6049.87,6049.00,6050.74
2000.0,6251.27,6250.37,6252.17
2050.0,6452.27,6451.31,6453.23
2100.0,6652.63,6651.59,6653.68
2150.0,6852.12,6850.97,6853.27
2200.0,7051.06,7049.78,7052.35
2250.0,7247.86,7246.34,7249.38
2300.0,7442.26,7440.39,7444.12
2350.0,7633.08,7630.77,7635.40
2400.0,7819.47,7816.57,7822.36
2450.0,8000.45,7996.85,8004.04
2500.0,8172.67,8168.24,8177.11
2550.0,8334.63,8329.25,8340.01
2600.0,8487.15,8480.72,8493.58
2650.0,8625.36,8617.82,8632.90
2700.0,8749.83,8741.14,8758.52
2750.0,8858.25,8848.43,8868.07
2800.0,8950.92,8940.02,8961.82
2850.0,9026.91,9015.05,9038.76
2900.0,9089.38,9076.69,9102.08
2950.0,9140.47,9127.08,9153.86
3000.0,9180.80,9166.89,9194.71
3050.0,9213.90,9199.62,9228.19
3100.0,9241.95,9227.40,9256.49
3150.0,9266.04,9251.36,9280.73
3200.0,9288.52,9273.73,9303.31
3250.0,9309.83,9294.99,9324.67
3300.0,9330.39,9315.52,9345.26
3350.0,9350.52,9335.64,9365.40
3400.0,9370.58,9355.70,9385.46
3450.0,9390.63,9375.75,9405.51
3500.0,9410.65,9395.77,9425.53
3550.0,9430.65,9415.77,9445.53
3600.0,9450.67,9435.78,9465.55
3650.0,9470.70,9455.82,9485.59
3700.0,9490.72,9475.84,9505.61
3750.0,9510.72,9495.84,9525.61
3800.0,9530.74,9515.86,9545.62
3850.0,9550.76,9535.87,9565.64
3900.0,9570.79,9555.91,9585.68
3950.0,9590.81,9575.93,9605.70
4000.0,9610.85,9595.97,9625.73
4050.0,9630.85,9615.97,9645.73
4100.0,9650.89,9636.00,9665.77
4150.0,9670.92,9656.04,9685.80
4200.0,9690.98,9676.10,9705.86
4250.0,9710.98,9696.10,9725.86
4300.0,9731.03,9716.15,9745.91
4350.0,9751.05,9736.17,9765.93
4400.0,9771.07,9756.19,9785.95
4450.0,9791.07,9776.19,9805.95
4500.0,9811.10,9796.22,9825.99
4550.0,9831.14,9816.26,9846.02
4600.0,9851.18,9836.29,9866.06
4650.0,9871.23,9856.35,9886.12
4700.0,9891.29,9876.40,9906.17
4750.0,9911.36,9896.48,9926.24
4800.0,9931.40,9916.51,9946.28
4850.0,9951.43,9936.55,9966.32
4900.0,9971.49,9956.60,9986.37
4950.0,9991.54,9976.66,10006.43
5000.0,10011.56,9996.67,10026.44
5050.0,10031.61,10016.73,10046.50
5100.0,10051.67,10036.78,10066.55
5150.0,10071.69,10056.80,10086.57
5200.0,10091.74,10076.86,10106.62
5250.0,10111.83,10096.95,10126.72
5300.0,10131.92,10117.04,10146.81
5350.0,10152.01,10137.13,10166.90
5400.0,10172.11,10157.22,10186.99
5450.0,10192.16,10177.27,10207.05
5500.0,10212.27,10197.38,10227.16
5550.0,10232.31,10217.41,10247.20
5600.0,10252.41,10237.52,10267.31
5650.0,10272.49,10257.59,10287.38
5700.0,10292.58,10277.68,10307.47
5750.0,10312.65,10297.75,10327.55
5800.0,10332.71,10317.81,10347.60
5850.0,10352.78,10337.88,10367.68
5900.0,10372.83,10357.93,10387.73
5950.0,10392.92,10378.02,10407.83
6000.0,10412.98,10398.07,10427.88
6050.0,10433.09,10418.18,10447.99
6100.0,10453.16,10438.25,10468.07
6150.0,10473.22,10458.31,10488.12
6200.0,10493.31,10478.40,10508.22
6250.0,10513.40,10498.49,10528.31
6300.0,10533.49,10518.58,10548.40
6350.0,10553.54,10538.63,10568.46
6400.0,10573.60,10558.68,10588.51
6450.0,10593.67,10578.75,10608.59
6500.0,10613.74,10598.82,10628.66
6550.0,10633.80,10618.88,10648.72
6600.0,10653.85,10638.93,10668.77
6650.0,10673.93,10659.00,10688.85
6700.0,10693.96,10679.03,10708.89
6750.0,10714.02,10699.09,10728.95
6800.0,10734.05,10719.12,10748.98
6850.0,10754.11,10739.17,10769.04
6900.0,10774.18,10759.24,10789.12
6950.0,10794.23,10779.29,10809.18
7000.0,10814.27,10799.33,10829.21
7050.0,10834.29,10819.35,10849.23
7100.0,10854.31,10839.36,10869.25
7150.0,10874.33,10859.38,10889.27
7200.0,10894.34,10879.40,10909.29
7250.0,10914.34,10899.40,10929.29
7300.0,10934.34,10919.40,10949.29
7350.0,10954.36,10939.42,10969.31
7400.0,10974.40,10959.45,10989.34
7450.0,10994.42,10979.47,11009.36
7500.0,11014.45,10999.51,11029.40
7550.0,11034.49,11019.55,11049.43
7600.0,11054.51,11039.56,11069.45
7650.0,11074.54,11059.60,11089.49
7700.0,11094.58,11079.63,11109.53
7750.0,11114.60,11099.65,11129.55
7800.0,11134.65,11119.70,11149.60
7850.0,11154.71,11139.76,11169.66
7900.0,11174.76,11159.81,11189.71
7950.0,11194.82,11179.86,11209.77
8000.0,11214.87,11199.92,11229.83
