step,mean,ci_down,ci_up
0.0,-2202.10,-2218.68,-2185.52
50.0,-221.18,-232.86,-209.50
100.0,-42.31,-46.73,-37.88
150.0,-22.20,-24.48,-19.92
200.0,-20.94,-22.88,-19.00
250.0,-26.20,-28.60,-23.80
300.0,-20.16,-22.03,-18.29
350.0,-18.47,-20.17,-16.77
400.0,-20.94,-22.84,-19.04
450.0,-20.64,-22.54,-18.75
500.0,-18.66,-20.36,-16.97
550.0,-15.84,-17.21,-14.48
600.0,-14.47,-15.65,-13.29
650.0,-12.43,-13.25,-11.61
700.0,-11.52,-12.11,-10.93
750.0,-11.23,-11.75,-10.71
800.0,-10.69,-11.04,-10.33
850.0,-10.67,-11.02,-10.33
900.0,-10.36,-10.61,-10.12
950.0,-10.23,-10.45,-10.02
1000.0,-10.28,-10.50,-10.07
1050.0,-10.35,-10.58,-10.11
1100.0,-10.20,-10.36,-10.03
1150.0,-10.14,-10.27,-10.01
1200.0,-10.09,-10.20,-9.98
1250.0,-10.42,-10.64,-10.19
1300.0,-10.16,-10.28,-10.04
1350.0,-10.19,-10.34,-10.04
1400.0,-10.11,-10.21,-10.01
1450.0,-10.17,-10.34,-10.01
1500.0,-10.11,-10.21,-10.00
1550.0,-10.04,-10.09,-9.98
1600.0,-10.08,-10.17,-10.00
1650.0,-10.12,-10.22,-10.02
1700.0,-10.08,-10.16,-9.99
1750.0,-10.02,-10.07,-9.97
1800.0,-10.02,-10.08,-9.95
1850.0,-9.95,-9.97,-9.92
1900.0,-9.94,-9.97,-9.91
1950.0,-9.92,-9.95,-9.90
2000.0,-9.91,-9.94,-9.88
2050.0,-9.85,-9.89,-9.80
2100.0,-9.75,-9.80,-9.69
2150.0,-9.61,-9.67,-9.54
2200.0,-9.53,-9.60,-9.45
2250.0,-9.19,-9.29,-9.10
2300.0,-8.82,-8.93,-8.71
2350.0,-8.26,-8.39,-8.13
2400.0,-7.57,-7.72,-7.41
2450.0,-6.73,-6.91,-6.55
2500.0,-5.36,-5.57,-5.16
2550.0,-3.76,-3.99,-3.53
2600.0,-2.29,-2.54,-2.04
2650.0,-0.06,-0.33,0.21
2700.0,2.08,1.80,2.36
2750.0,4.58,4.30,4.86
2800.0,7.04,6.77,7.32
2850.0,9.64,9.38,9.90
2900.0,11.75,11.51,11.98
2950.0,13.52,13.31,13.73
3000.0,15.20,15.02,15.38
3050.0,16.33,16.18,16.47
3100.0,17.12,17.00,17.23
3150.0,17.73,17.65,17.81
3200.0,17.98,17.92,18.05
3250.0,18.17,18.12,18.21
3300.0,18.28,18.25,18.31
3350.0,18.35,18.34,18.36
3400.0,18.36,18.35,18.37
3450.0,18.36,18.35,18.37
3500.0,18.37,18.36,18.37
3550.0,18.37,18.37,18.37
3600.0,18.37,18.36,18.37
3650.0,18.36,18.36,18.37
3700.0,18.37,18.36,18.37
3750.0,18.37,18.37,18.37
3800.0,18.37,18.36,18.37
3850.0,18.37,18.36,18.37
3900.0,18.36,18.36,18.37
3950.0,18.37,18.36,18.37
4000.0,18.36,18.36,18.37
4050.0,18.37,18.37,18.37
4100.0,18.36,18.36,18.37
4150.0,18.36,18.36,18.37
4200.0,18.36,18.35,18.37
4250.0,18.37,18.37,18.37
4300.0,18.36,18.35,18.37
4350.0,18.37,18.36,18.37
4400.0,18.37,18.36,18.37
4450.0,18.37,18.37,18.37
4500.0,18.36,18.36,18.37
4550.0,18.36,18.36,18.37
4600.0,18.36,18.36,18.37
4650.0,18.36,18.35,18.37
4700.0,18.36,18.35,18.37
4750.0,18.36,18.35,18.37
4800.0,18.36,18.36,18.37
4850.0,18.36,18.36,18.37
4900.0,18.36,18.35,18.37
4950.0,18.36,18.35,18.37
5000.0,18.37,18.36,18.37
5050.0,18.36,18.35,18.37
5100.0,18.36,18.35,18.37
5150.0,18.37,18.36,18.37
5200.0,18.36,18.35,18.37
5250.0,18.36,18.34,18.37
5300.0,18.36,18.34,18.37
5350.0,18.36,18.34,18.37
5400.0,18.36,18.34,18.37
5450.0,18.36,18.35,18.37
5500.0,18.35,18.34,18.37
5550.0,18.36,18.36,18.37
5600.0,18.35,18.34,18.37
5650.0,18.36,18.35,18.37
5700.0,18.36,18.34,18.37
5750.0,18.36,18.35,18.37
5800.0,18.36,18.35,18.37
5850.0,18.36,18.35,18.37
5900.0,18.36,18.35,18.37
5950.0,18.36,18.34,18.37
6000.0,18.36,18.35,18.37
6050.0,18.35,18.34,18.37
6100.0,18.36,18.35,18.37
6150.0,18.36,18.35,18.37
6200.0,18.36,18.34,18.37
6250.0,18.36,18.34,18.37
6300.0,18.36,18.34,18.37
6350.0,18.36,18.35,18.37
6400.0,18.36,18.35,18.37
6450.0,18.36,18.35,18.37
6500.0,18.36,18.35,18.37
6550.0,18.36,18.35,18.37
6600.0,18.36,18.35,18.37
6650.0,18.36,18.35,18.37
6700.0,18.36,18.36,18.37
6750.0,18.36,18.35,18.37
6800.0,18.36,18.36,18.37
6850.0,18.36,18.35,18.37
6900.0,18.36,18.35,18.37
6950.0,18.36,18.35,18.37
7000.0,18.36,18.36,18.37
7050.0,18.37,18.36,18.37
7100.0,18.37,18.36,18.37
7150.0,18.37,18.36,18.37
7200.0,18.37,18.36,18.37
7250.0,18.37,18.37,18.37
7300.0,18.37,18.37,18.37
7350.0,18.37,18.36,18.37
7400.0,18.36,18.36,18.37
7450.0,18.37,18.36,18.37
7500.0,18.36,18.36,18.37
7550.0,18.36,18.36,18.37
7600.0,18.37,18.36,18.37
7650.0,18.36,18.36,18.37
7700.0,18.36,18.36,18.37
7750.0,18.37,18.36,18.37
7800.0,18.36,18.35,18.37
7850.0,18.36,18.35,18.37
7900.0,18.36,18.35,18.37
7950.0,18.36,18.35,18.37
8000.0,18.36,18.35,18.37
