step,mean,ci_down,ci_up
0.0,56.34,55.73,56.94
50.0,177.32,176.18,178.46
100.0,197.07,196.51,197.62
150.0,199.16,198.73,199.60
200.0,199.44,199.03,199.85
250.0,198.65,198.17,199.12
300.0,199.83,199.44,200.22
350.0,200.17,199.81,200.53
400.0,199.56,199.14,199.97
450.0,199.69,199.28,200.10
500.0,200.12,199.76,200.48
550.0,200.78,200.49,201.07
600.0,200.95,200.68,201.21
650.0,201.36,201.16,201.57
700.0,201.55,201.38,201.72
750.0,201.63,201.48,201.79
800.0,201.80,201.69,201.92
850.0,201.75,201.62,201.88
900.0,201.86,201.76,201.96
950.0,201.90,201.82,201.98
1000.0,201.87,201.78,201.97
1050.0,201.84,201.73,201.94
1100.0,201.89,201.80,201.98
1150.0,201.92,201.85,201.99
1200.0,201.93,201.86,202.00
1250.0,201.73,201.59,201.86
1300.0,201.87,201.78,201.96
1350.0,201.84,201.74,201.94
1400.0,201.92,201.86,201.99
1450.0,201.86,201.77,201.95
1500.0,201.89,201.80,201.98
1550.0,201.93,201.87,202.00
1600.0,201.83,201.73,201.94
1650.0,201.81,201.70,201.92
1700.0,201.76,201.64,201.88
1750.0,201.79,201.68,201.91
1800.0,201.79,201.67,201.91
1850.0,201.65,201.49,201.81
1900.0,201.53,201.34,201.71
1950.0,201.51,201.32,201.70
2000.0,201.40,201.19,201.61
2050.0,201.00,200.73,201.27
2100.0,200.36,200.02,200.70
2150.0,199.49,199.07,199.91
2200.0,198.94,198.48,199.41
2250.0,196.80,196.20,197.40
2300.0,194.39,193.67,195.11
2350.0,190.83,189.96,191.69
2400.0,186.39,185.38,187.39
2450.0,180.98,179.83,182.13
2500.0,172.23,170.90,173.56
2550.0,161.96,160.47,163.45
2600.0,152.52,150.92,154.11
2650.0,138.21,136.50,139.93
2700.0,124.47,122.69,126.25
2750.0,108.42,106.62,110.21
2800.0,92.67,90.91,94.43
2850.0,75.98,74.33,77.64
2900.0,62.48,60.96,64.00
2950.0,51.09,49.73,52.44
3000.0,40.33,39.20,41.46
3050.0,33.10,32.18,34.03
3100.0,28.04,27.31,28.78
3150.0,24.10,23.56,24.63
3200.0,22.48,22.06,22.89
3250.0,21.31,21.01,21.61
3300.0,20.56,20.36,20.76
3350.0,20.13,20.03,20.22
3400.0,20.05,19.99,20.12
3450.0,20.05,19.99,20.12
3500.0,20.02,19.98,20.05
3550.0,20.00,20.00,20.00
3600.0,20.02,19.98,20.05
3650.0,20.04,19.99,20.09
3700.0,20.02,19.98,20.05
3750.0,20.00,20.00,20.00
3800.0,20.02,19.98,20.05
3850.0,20.02,19.98,20.05
3900.0,20.04,19.99,20.09
3950.0,20.02,19.98,20.05
4000.0,20.04,19.99,20.09
4050.0,20.00,20.00,20.00
4100.0,20.04,19.99,20.09
4150.0,20.04,19.99,20.09
4200.0,20.05,19.99,20.12
4250.0,20.00,20.00,20.00
4300.0,20.05,19.99,20.12
4350.0,20.02,19.98,20.05
4400.0,20.02,19.98,20.05
4450.0,20.00,20.00,20.00
4500.0,20.04,19.99,20.09
4550.0,20.04,19.99,20.09
4600.0,20.04,19.99,20.09
4650.0,20.05,19.99,20.12
4700.0,20.05,19.99,20.12
4750.0,20.07,20.00,20.14
4800.0,20.04,19.99,20.09
4850.0,20.04,19.99,20.09
4900.0,20.05,19.99,20.12
4950.0,20.05,19.99,20.12
5000.0,20.02,19.98,20.05
5050.0,20.05,19.99,20.12
5100.0,20.05,19.99,20.12
5150.0,20.02,19.98,20.05
5200.0,20.05,19.99,20.12
5250.0,20.09,20.01,20.17
5300.0,20.09,20.01,20.17
5350.0,20.09,20.01,20.17
5400.0,20.09,20.01,20.17
5450.0,20.05,19.99,20.12
5500.0,20.11,20.02,20.20
5550.0,20.04,19.99,20.09
5600.0,20.11,20.02,20.20
5650.0,20.07,20.00,20.14
5700.0,20.09,20.01,20.17
5750.0,20.07,20.00,20.14
5800.0,20.05,19.99,20.12
5850.0,20.07,20.00,20.14
5900.0,20.05,19.99,20.12
5950.0,20.09,20.01,20.17
6000.0,20.05,19.99,20.12
6050.0,20.11,20.02,20.20
6100.0,20.07,20.00,20.14
6150.0,20.05,19.99,20.12
6200.0,20.09,20.01,20.17
6250.0,20.09,20.01,20.17
6300.0,20.09,20.01,20.17
6350.0,20.05,19.99,20.12
6400.0,20.05,19.99,20.12
6450.0,20.07,20.00,20.14
6500.0,20.07,20.00,20.14
6550.0,20.05,19.99,20.12
6600.0,20.05,19.99,20.12
6650.0,20.07,20.00,20.14
6700.0,20.04,19.99,20.09
6750.0,20.05,19.99,20.12
6800.0,20.04,19.99,20.09
6850.0,20.05,19.99,20.12
6900.0,20.07,20.00,20.14
6950.0,20.05,19.99,20.12
7000.0,20.04,19.99,20.09
7050.0,20.02,19.98,20.05
7100.0,20.02,19.98,20.05
7150.0,20.02,19.98,20.05
7200.0,20.02,19.98,20.05
7250.0,20.00,20.00,20.00
7300.0,20.00,20.00,20.00
7350.0,20.02,19.98,20.05
7400.0,20.04,19.99,20.09
7450.0,20.02,19.98,20.05
7500.0,20.04,19.99,20.09
7550.0,20.04,19.99,20.09
7600.0,20.02,19.98,20.05
7650.0,20.04,19.99,20.09
7700.0,20.04,19.99,20.09
7750.0,20.02,19.98,20.05
7800.0,20.05,19.99,20.12
7850.0,20.05,19.99,20.12
7900.0,20.05,19.99,20.12
7950.0,20.05,19.99,20.12
8000.0,20.05,19.99,20.12
