step,mean,ci_down,ci_up
0.0,-288.85,-359.28,-218.41
50.0,-251.10,-311.61,-190.59
100.0,-173.62,-216.69,-130.55
150.0,-149.30,-186.81,-111.79
200.0,-104.88,-131.65,-78.11
250.0,-105.20,-131.53,-78.87
300.0,-101.79,-127.86,-75.71
350.0,-82.68,-105.44,-59.93
400.0,-59.09,-77.66,-40.51
450.0,-67.18,-85.35,-49.01
500.0,-58.89,-75.28,-42.51
550.0,-55.83,-71.58,-40.07
600.0,-47.50,-60.87,-34.13
650.0,-33.36,-42.43,-24.28
700.0,-32.51,-41.67,-23.35
750.0,-35.14,-47.65,-22.62
800.0,-40.56,-55.41,-25.71
850.0,-28.96,-37.53,-20.40
900.0,-31.70,-45.16,-18.24
950.0,-33.91,-48.32,-19.51
1000.0,-19.53,-24.90,-14.15
1050.0,-31.14,-43.49,-18.80
1100.0,-25.20,-36.85,-13.55
1150.0,-18.97,-27.19,-10.76
1200.0,-16.52,-24.63,-8.42
1250.0,-12.19,-18.01,-6.37
1300.0,-7.70,-11.23,-4.18
1350.0,-7.15,-10.21,-4.10
1400.0,-4.05,-6.13,-1.96
1450.0,-1.55,-3.45,0.36
1500.0,-1.46,-3.82,0.89
1550.0,1.14,-0.41,2.69
1600.0,2.69,1.23,4.14
1650.0,2.24,-1.39,5.87
1700.0,4.23,2.35,6.12
1750.0,5.60,3.71,7.49
1800.0,7.84,7.02,8.66
1850.0,9.06,8.45,9.68
1900.0,9.40,8.58,10.21
1950.0,10.29,9.41,11.17
2000.0,10.52,9.12,11.92
2050.0,12.08,11.56,12.60
2100.0,12.45,11.95,12.96
2150.0,13.05,12.56,13.54
2200.0,12.55,11.32,13.78
2250.0,14.07,13.62,14.53
2300.0,14.57,14.14,15.00
2350.0,14.88,14.47,15.29
2400.0,15.26,14.87,15.66
2450.0,15.56,15.19,15.94
2500.0,15.93,15.58,16.28
2550.0,15.75,14.89,16.62
2600.0,16.48,16.17,16.80
2650.0,16.71,16.42,17.00
2700.0,16.86,16.58,17.14
2750.0,17.18,16.93,17.43
2800.0,17.30,17.07,17.54
2850.0,17.52,17.30,17.73
2900.0,17.67,17.48,17.87
2950.0,17.77,17.59,17.95
3000.0,17.81,17.64,17.99
3050.0,17.92,17.76,18.07
3100.0,18.02,17.88,18.15
3150.0,18.07,17.94,18.20
3200.0,18.16,18.05,18.27
3250.0,18.19,18.08,18.29
3300.0,18.20,18.10,18.30
3350.0,18.21,18.12,18.31
3400.0,18.26,18.18,18.34
3450.0,18.27,18.20,18.34
3500.0,18.28,18.22,18.35
3550.0,18.28,18.22,18.35
3600.0,18.28,18.22,18.35
3650.0,18.28,18.22,18.35
3700.0,18.28,18.22,18.35
3750.0,18.30,18.24,18.36
3800.0,18.30,18.24,18.36
3850.0,18.30,18.24,18.36
3900.0,18.31,18.26,18.37
3950.0,18.30,18.24,18.36
4000.0,18.31,18.26,18.37
4050.0,18.33,18.28,18.38
4100.0,18.33,18.28,18.38
4150.0,18.33,18.28,18.38
4200.0,18.33,18.28,18.38
4250.0,18.33,18.28,18.38
4300.0,18.34,18.30,18.38
4350.0,18.34,18.30,18.38
4400.0,18.36,18.33,18.38
4450.0,18.36,18.33,18.38
4500.0,18.36,18.33,18.38
4550.0,18.36,18.33,18.38
4600.0,18.34,18.30,18.38
4650.0,18.34,18.30,18.38
4700.0,18.34,18.30,18.38
4750.0,18.34,18.30,18.38
4800.0,18.34,18.30,18.38
4850.0,18.34,18.30,18.38
4900.0,18.34,18.30,18.38
4950.0,18.34,18.30,18.38
5000.0,18.34,18.30,18.38
5050.0,18.34,18.30,18.38
5100.0,18.34,18.30,18.38
5150.0,18.34,18.30,18.38
5200.0,18.34,18.30,18.38
5250.0,18.34,18.30,18.38
5300.0,18.34,18.30,18.38
5350.0,18.34,18.30,18.38
5400.0,18.36,18.33,18.38
5450.0,18.36,18.33,18.38
5500.0,18.36,18.33,18.38
5550.0,18.36,18.33,18.38
5600.0,18.36,18.33,18.38
5650.0,18.36,18.33,18.38
5700.0,18.36,18.33,18.38
5750.0,18.36,18.33,18.38
5800.0,18.36,18.33,18.38
5850.0,18.36,18.33,18.38
5900.0,18.36,18.33,18.38
5950.0,18.36,18.33,18.38
6000.0,18.36,18.33,18.38
6050.0,18.36,18.33,18.38
6100.0,18.36,18.33,18.38
6150.0,18.37,18.37,18.37
6200.0,18.37,18.37,18.37
6250.0,18.36,18.33,18.38
6300.0,18.36,18.33,18.38
6350.0,18.37,18.37,18.37
6400.0,18.37,18.37,18.37
6450.0,18.37,18.37,18.37
6500.0,18.37,18.37,18.37
6550.0,18.37,18.37,18.37
6600.0,18.37,18.37,18.37
6650.0,18.36,18.33,18.38
6700.0,18.36,18.33,18.38
6750.0,18.36,18.33,18.38
6800.0,18.36,18.33,18.38
6850.0,18.36,18.33,18.38
6900.0,18.36,18.33,18.38
6950.0,18.36,18.33,18.38
7000.0,18.36,18.33,18.38
7050.0,18.36,18.33,18.38
7100.0,18.36,18.33,18.38
7150.0,18.36,18.33,18.38
7200.0,18.37,18.37,18.37
7250.0,18.37,18.37,18.37
7300.0,18.37,18.37,18.37
