step,mean,ci_down,ci_up
10000.0,28.03,25.64,30.41
12000.0,54.04,50.79,57.29
14000.0,79.29,75.18,83.40
16000.0,106.85,101.94,111.76
18000.0,134.03,128.61,139.44
20000.0,161.36,155.82,166.91
22000.0,186.71,180.97,192.45
24000.0,213.25,207.37,219.12
26000.0,237.96,231.09,244.83
28000.0,264.95,257.46,272.44
30000.0,292.27,283.85,300.69
32000.0,318.34,309.71,326.97
34000.0,345.37,335.91,354.84
36000.0,369.93,360.84,379.03
38000.0,395.65,386.44,404.86
40000.0,423.82,415.60,432.04
42000.0,448.32,439.12,457.52
44000.0,476.55,468.20,484.91
46000.0,502.92,494.48,511.36
48000.0,527.42,519.41,535.42
50000.0,552.81,544.93,560.69
52000.0,578.35,568.69,588.00
54000.0,604.02,594.75,613.30
56000.0,630.03,620.07,639.99
58000.0,656.83,647.25,666.41
60000.0,681.24,671.04,691.43
62000.0,705.50,693.99,717.01
64000.0,731.05,718.83,743.26
66000.0,756.46,744.02,768.89
68000.0,781.80,768.82,794.78
70000.0,808.00,795.44,820.56
72000.0,833.86,820.78,846.94
74000.0,861.00,847.91,874.09
76000.0,887.24,873.15,901.32
78000.0,914.48,899.71,929.26
80000.0,941.59,925.30,957.89
82000.0,967.38,951.52,983.24
84000.0,994.03,975.91,1012.16
86000.0,1020.11,1001.32,1038.90
88000.0,1047.99,1029.52,1066.46
90000.0,1074.90,1055.74,1094.06
92000.0,1100.10,1081.80,1118.41
94000.0,1124.29,1105.65,1142.93
96000.0,1149.44,1131.83,1167.05
98000.0,1176.09,1159.18,1193.01
100000.0,1199.68,1182.55,1216.82
