step,mean,ci_down,ci_up
10000.0,2.43,1.83,3.03
12000.0,3.71,2.50,4.93
14000.0,5.00,3.25,6.75
16000.0,7.14,5.66,8.62
18000.0,8.00,6.30,9.70
20000.0,9.57,7.57,11.57
22000.0,11.71,9.49,13.94
24000.0,13.71,10.88,16.55
26000.0,14.71,11.92,17.51
28000.0,16.57,13.51,19.64
30000.0,18.14,15.77,20.52
32000.0,19.57,17.26,21.88
34000.0,21.71,19.41,24.02
36000.0,23.29,21.20,25.37
38000.0,24.86,22.14,27.57
40000.0,25.71,22.41,29.02
42000.0,27.29,23.96,30.62
44000.0,29.29,25.47,33.10
46000.0,30.29,25.89,34.68
48000.0,31.14,26.41,35.87
50000.0,32.57,27.96,37.19
52000.0,33.86,28.89,38.82
54000.0,35.29,30.01,40.56
56000.0,36.57,30.76,42.38
58000.0,38.57,31.52,45.62
60000.0,39.86,33.02,46.70
62000.0,41.14,33.87,48.42
64000.0,42.86,35.39,50.33
66000.0,44.14,36.83,51.46
68000.0,45.71,38.27,53.16
70000.0,47.71,40.50,54.93
72000.0,48.43,41.11,55.75
74000.0,50.14,42.01,58.28
76000.0,52.57,44.62,60.52
78000.0,53.71,45.79,61.64
80000.0,55.86,47.57,64.14
82000.0,57.14,48.06,66.23
84000.0,59.86,50.83,68.89
86000.0,60.86,51.39,70.32
88000.0,63.00,53.60,72.40
90000.0,64.71,55.72,73.70
92000.0,66.57,57.60,75.54
94000.0,67.57,58.41,76.73
96000.0,68.86,59.84,77.88
98000.0,71.14,62.44,79.85
100000.0,71.71,63.21,80.22
