step,mean,ci_down,ci_up
10000.0,-0.12,-0.13,-0.10
12000.0,-0.24,-0.25,-0.23
14000.0,-0.36,-0.38,-0.35
16000.0,-0.49,-0.50,-0.47
18000.0,-0.60,-0.63,-0.58
20000.0,-0.72,-0.74,-0.70
22000.0,-0.85,-0.87,-0.83
24000.0,-0.97,-0.98,-0.95
26000.0,-1.09,-1.11,-1.07
28000.0,-1.20,-1.23,-1.18
30000.0,-1.33,-1.36,-1.30
32000.0,-1.45,-1.48,-1.43
34000.0,-1.57,-1.60,-1.54
36000.0,-1.70,-1.73,-1.67
38000.0,-1.83,-1.86,-1.80
40000.0,-1.95,-1.98,-1.92
42000.0,-2.07,-2.11,-2.04
44000.0,-2.19,-2.22,-2.17
46000.0,-2.32,-2.34,-2.29
48000.0,-2.44,-2.47,-2.41
50000.0,-2.57,-2.60,-2.54
52000.0,-2.69,-2.73,-2.66
54000.0,-2.82,-2.86,-2.78
56000.0,-2.95,-2.99,-2.90
58000.0,-3.06,-3.11,-3.02
60000.0,-3.20,-3.25,-3.15
62000.0,-3.33,-3.39,-3.27
64000.0,-3.46,-3.52,-3.39
66000.0,-3.58,-3.65,-3.51
68000.0,-3.71,-3.78,-3.64
70000.0,-3.84,-3.91,-3.76
72000.0,-3.96,-4.03,-3.88
74000.0,-4.07,-4.14,-4.00
76000.0,-4.20,-4.27,-4.12
78000.0,-4.32,-4.39,-4.25
80000.0,-4.44,-4.52,-4.36
82000.0,-4.56,-4.64,-4.49
84000.0,-4.68,-4.77,-4.59
86000.0,-4.80,-4.90,-4.71
88000.0,-4.92,-5.02,-4.82
90000.0,-5.04,-5.15,-4.94
92000.0,-5.17,-5.27,-5.07
94000.0,-5.31,-5.41,-5.21
96000.0,-5.43,-5.53,-5.34
98000.0,-5.55,-5.64,-5.46
100000.0,-5.68,-5.78,-5.58
