step,mean,ci_down,ci_up
0.0,26.67,24.88,28.46
2000.0,27.23,25.69,28.77
4000.0,27.30,25.75,28.86
6000.0,26.18,24.07,28.30
8000.0,28.20,25.52,30.87
10000.0,28.03,26.04,30.01
12000.0,26.01,23.80,28.23
14000.0,25.25,23.58,26.92
16000.0,27.56,26.17,28.95
18000.0,27.18,24.92,29.43
20000.0,27.34,25.42,29.25
22000.0,25.34,24.63,26.06
24000.0,26.54,25.02,28.06
26000.0,24.71,23.01,26.42
28000.0,26.99,24.94,29.04
30000.0,27.32,25.48,29.16
32000.0,26.07,24.41,27.74
34000.0,27.03,25.10,28.96
36000.0,24.56,22.84,26.28
38000.0,25.72,24.87,26.57
40000.0,28.17,27.18,29.15
42000.0,24.50,23.21,25.78
44000.0,28.24,26.27,30.21
46000.0,26.37,24.72,28.01
48000.0,24.50,23.49,25.51
50000.0,25.39,24.48,26.31
52000.0,25.54,22.83,28.24
54000.0,25.68,23.66,27.70
56000.0,26.00,23.94,28.06
58000.0,26.80,24.78,28.82
60000.0,24.41,22.30,26.51
62000.0,24.27,22.50,26.03
64000.0,25.55,23.33,27.76
66000.0,25.41,24.15,26.66
68000.0,25.35,23.39,27.31
70000.0,26.20,23.95,28.45
72000.0,25.86,24.97,26.74
74000.0,27.15,25.57,28.72
76000.0,26.24,24.01,28.46
78000.0,27.25,25.35,29.14
80000.0,27.11,25.56,28.66
82000.0,25.79,23.85,27.72
84000.0,26.65,24.07,29.24
86000.0,26.08,24.07,28.09
88000.0,27.88,25.79,29.97
90000.0,26.91,24.80,29.01
92000.0,25.20,24.40,26.00
94000.0,24.19,22.71,25.67
96000.0,25.15,23.31,26.99
98000.0,26.65,25.10,28.20
100000.0,23.59,22.26,24.93
