step,mean,ci_down,ci_up
0.0,1.14,0.47,1.82
2000.0,1.57,0.61,2.53
4000.0,1.71,1.24,2.19
6000.0,2.14,0.96,3.32
8000.0,2.57,1.42,3.72
10000.0,2.43,1.93,2.93
12000.0,1.29,0.41,2.16
14000.0,1.29,0.58,1.99
16000.0,2.14,1.47,2.82
18000.0,0.86,0.09,1.63
20000.0,1.57,0.48,2.66
22000.0,2.14,1.15,3.14
24000.0,2.00,0.73,3.27
26000.0,1.00,0.27,1.73
28000.0,1.86,0.93,2.78
30000.0,1.57,0.77,2.38
32000.0,1.43,0.81,2.05
34000.0,2.14,1.29,2.99
36000.0,1.57,0.69,2.46
38000.0,1.57,0.77,2.38
40000.0,0.86,0.29,1.43
42000.0,1.57,0.95,2.19
44000.0,2.00,1.27,2.73
46000.0,1.00,0.27,1.73
48000.0,0.86,0.29,1.43
50000.0,1.43,0.81,2.05
52000.0,1.29,0.41,2.16
54000.0,1.43,0.62,2.23
56000.0,1.29,0.41,2.16
58000.0,2.00,0.79,3.21
60000.0,1.29,0.68,1.89
62000.0,1.29,0.34,2.23
64000.0,1.71,0.70,2.73
66000.0,1.29,0.81,1.76
68000.0,1.57,0.61,2.53
70000.0,2.00,1.10,2.90
72000.0,0.71,0.41,1.02
74000.0,1.71,-0.03,3.46
76000.0,2.43,1.54,3.31
78000.0,1.14,0.71,1.58
80000.0,2.14,1.57,2.71
82000.0,1.29,0.41,2.16
84000.0,2.71,1.36,4.07
86000.0,1.00,-0.10,2.10
88000.0,2.14,1.29,2.99
90000.0,1.71,0.70,2.73
92000.0,1.86,0.57,3.15
94000.0,1.00,0.37,1.63
96000.0,1.29,0.81,1.76
98000.0,2.29,1.34,3.23
100000.0,0.57,0.07,1.07
