step,mean,ci_down,ci_up
0.0,2.17,1.55,2.78
2000.0,13.50,10.58,16.42
4000.0,26.00,24.20,27.80
6000.0,41.67,37.49,45.84
8000.0,63.33,55.35,71.32
10000.0,80.17,68.68,91.66
12000.0,93.83,80.12,107.55
14000.0,107.67,92.69,122.65
16000.0,122.50,106.45,138.55
18000.0,140.50,121.03,159.97
20000.0,156.17,133.70,178.63
22000.0,174.67,151.83,197.51
24000.0,195.00,170.93,219.07
26000.0,213.50,190.31,236.69
28000.0,228.33,203.89,252.77
30000.0,244.50,217.25,271.75
32000.0,258.67,229.57,287.76
34000.0,272.33,240.21,304.46
36000.0,290.00,254.78,325.22
38000.0,306.83,271.60,342.07
40000.0,324.17,288.55,359.78
42000.0,343.33,306.12,380.55
44000.0,363.67,325.49,401.84
46000.0,378.33,338.29,418.37
48000.0,397.50,357.90,437.10
50000.0,411.67,368.97,454.36
52000.0,426.33,380.11,472.56
54000.0,445.83,398.81,492.85
56000.0,459.17,411.75,506.58
58000.0,477.17,428.01,526.33
60000.0,496.83,447.20,546.47
62000.0,518.00,467.51,568.49
64000.0,538.67,488.00,589.34
66000.0,557.33,506.11,608.56
68000.0,572.17,520.20,624.14
70000.0,586.83,535.38,638.29
72000.0,605.50,555.03,655.97
74000.0,623.00,572.32,673.68
76000.0,641.33,592.06,690.61
78000.0,658.67,609.95,707.38
80000.0,673.00,622.61,723.39
82000.0,692.67,637.45,747.88
84000.0,709.33,653.70,764.97
86000.0,726.67,669.24,784.09
88000.0,742.67,687.59,797.75
90000.0,761.33,707.68,814.99
92000.0,778.50,722.49,834.51
94000.0,793.33,735.42,851.24
96000.0,809.17,749.73,868.60
98000.0,825.33,764.17,886.49
