step,mean,ci_down,ci_up
4000.0,-0.10,-0.19,-0.00
6000.0,-0.16,-0.18,-0.14
8000.0,-0.19,-0.21,-0.17
10000.0,-0.22,-0.24,-0.20
12000.0,-0.24,-0.26,-0.23
14000.0,-0.27,-0.28,-0.25
16000.0,-0.28,-0.28,-0.28
18000.0,-0.30,-0.31,-0.28
20000.0,-0.31,-0.33,-0.29
22000.0,-0.34,-0.37,-0.30
24000.0,-0.35,-0.39,-0.31
26000.0,-0.36,-0.40,-0.32
28000.0,-0.37,-0.40,-0.33
30000.0,-0.38,-0.41,-0.34
32000.0,-0.39,-0.42,-0.35
34000.0,-0.40,-0.43,-0.36
36000.0,-0.41,-0.44,-0.37
38000.0,-0.42,-0.45,-0.38
40000.0,-0.42,-0.46,-0.38
42000.0,-0.44,-0.49,-0.38
44000.0,-0.45,-0.50,-0.39
46000.0,-0.46,-0.51,-0.40
48000.0,-0.47,-0.52,-0.41
50000.0,-0.48,-0.53,-0.42
52000.0,-0.49,-0.54,-0.43
54000.0,-0.49,-0.55,-0.43
56000.0,-0.50,-0.56,-0.44
58000.0,-0.51,-0.57,-0.45
60000.0,-0.54,-0.64,-0.44
62000.0,-0.55,-0.65,-0.45
64000.0,-0.56,-0.66,-0.46
66000.0,-0.57,-0.66,-0.47
68000.0,-0.61,-0.61,-0.61
70000.0,-0.61,-0.61,-0.61
72000.0,-0.61,-0.61,-0.61
74000.0,-0.61,-0.61,-0.61
76000.0,-0.61,-0.61,-0.61
78000.0,-0.61,-0.61,-0.61
80000.0,-0.61,-0.61,-0.61
82000.0,-0.61,-0.61,-0.61
84000.0,-0.61,-0.61,-0.61
86000.0,-0.61,-0.61,-0.61
88000.0,-0.61,-0.61,-0.61
90000.0,-0.61,-0.61,-0.61
92000.0,-0.61,-0.61,-0.61
94000.0,-0.61,-0.61,-0.61
96000.0,-0.61,-0.61,-0.61
98000.0,-0.61,-0.61,-0.61
100000.0,-0.61,-0.61,-0.61
