step,mean,ci_down,ci_up
<<<<<<< HEAD
6000.0,64.87,57.48,72.26
8000.0,138.90,127.21,150.58
10000.0,218.03,201.90,234.17
12000.0,302.08,279.31,324.86
14000.0,386.58,361.11,412.04
16000.0,472.09,446.50,497.68
18000.0,567.83,542.15,593.50
20000.0,657.79,631.06,684.52
22000.0,749.40,721.73,777.08
24000.0,840.79,814.00,867.58
26000.0,934.41,906.52,962.30
28000.0,1027.53,999.88,1055.18
30000.0,1118.60,1091.24,1145.96
32000.0,1213.20,1188.15,1238.25
34000.0,1310.97,1285.36,1336.58
36000.0,1411.35,1386.97,1435.73
38000.0,1510.15,1484.39,1535.91
40000.0,1606.79,1580.04,1633.54
42000.0,1701.31,1672.08,1730.55
44000.0,1802.37,1773.74,1831.01
46000.0,1901.10,1869.63,1932.58
48000.0,2000.15,1966.38,2033.93
50000.0,2101.87,2065.84,2137.91
52000.0,2205.24,2169.52,2240.96
54000.0,2304.84,2267.56,2342.11
56000.0,2405.20,2364.91,2445.48
58000.0,2503.76,2462.46,2545.07
60000.0,2606.26,2562.97,2649.56
62000.0,2710.11,2666.64,2753.57
64000.0,2810.71,2764.49,2856.93
66000.0,2912.47,2864.24,2960.69
68000.0,3015.25,2963.85,3066.65
70000.0,3114.06,3061.75,3166.36
72000.0,3215.70,3162.06,3269.34
74000.0,3320.51,3265.93,3375.08
76000.0,3421.76,3365.74,3477.78
78000.0,3520.39,3465.86,3574.92
80000.0,3621.70,3566.96,3676.45
82000.0,3725.64,3670.08,3781.20
84000.0,3827.45,3771.83,3883.08
86000.0,3928.68,3872.89,3984.47
88000.0,4032.38,3976.22,4088.54
90000.0,4132.70,4075.22,4190.18
92000.0,4232.59,4176.19,4288.99
94000.0,4338.21,4282.13,4394.29
96000.0,4443.73,4388.15,4499.30
98000.0,4546.89,4489.69,4604.09
100000.0,4647.76,4590.25,4705.27
=======
6000.0,55.55,47.28,63.81
8000.0,120.93,111.72,130.15
10000.0,200.11,188.75,211.47
12000.0,276.58,260.79,292.36
14000.0,345.02,332.20,357.84
16000.0,431.71,403.65,459.78
18000.0,512.68,475.26,550.10
20000.0,603.72,559.69,647.75
22000.0,695.61,642.96,748.25
24000.0,787.00,729.81,844.19
26000.0,866.87,805.51,928.24
28000.0,953.63,890.28,1016.99
30000.0,1042.36,971.29,1113.44
32000.0,1127.60,1049.20,1205.99
34000.0,1219.67,1139.80,1299.53
36000.0,1304.67,1224.18,1385.16
38000.0,1393.14,1308.76,1477.53
40000.0,1483.00,1398.18,1567.83
42000.0,1580.74,1495.90,1665.58
44000.0,1675.87,1587.43,1764.31
46000.0,1768.96,1674.32,1863.59
48000.0,1859.91,1758.67,1961.14
50000.0,1953.30,1844.35,2062.25
52000.0,2047.31,1930.27,2164.35
54000.0,2144.51,2017.73,2271.30
56000.0,2241.50,2113.48,2369.52
58000.0,2340.60,2206.97,2474.23
60000.0,2433.79,2298.23,2569.35
62000.0,2535.22,2393.80,2676.64
64000.0,2641.06,2489.28,2792.85
66000.0,2738.90,2581.52,2896.28
68000.0,2833.25,2672.44,2994.06
70000.0,2939.29,2778.85,3099.73
72000.0,3041.12,2882.24,3199.99
74000.0,3140.18,2972.87,3307.50
76000.0,3230.84,3059.59,3402.09
78000.0,3335.84,3157.85,3513.83
80000.0,3441.32,3262.75,3619.89
82000.0,3538.16,3356.41,3719.90
84000.0,3653.50,3433.28,3873.72
86000.0,3746.31,3523.59,3969.02
88000.0,3839.30,3612.63,4065.97
90000.0,3933.47,3700.35,4166.60
92000.0,4022.29,3783.25,4261.32
94000.0,4119.27,3878.27,4360.27
96000.0,4212.67,3972.51,4452.82
98000.0,4315.43,4073.03,4557.84
100000.0,4415.92,4168.39,4663.46
>>>>>>> 48e15087b5bf070df74fdf31c5f401fee6956af5
