step,mean,ci_down,ci_up
0.0,-0.12,-0.15,-0.10
2000.0,-0.19,-0.19,-0.18
4000.0,-0.23,-0.24,-0.22
6000.0,-0.28,-0.30,-0.25
8000.0,-0.30,-0.33,-0.27
10000.0,-0.32,-0.36,-0.29
12000.0,-0.37,-0.44,-0.30
14000.0,-0.39,-0.49,-0.30
16000.0,-0.41,-0.51,-0.32
18000.0,-0.43,-0.54,-0.33
20000.0,-0.44,-0.55,-0.34
22000.0,-0.45,-0.56,-0.34
24000.0,-0.47,-0.58,-0.35
26000.0,-0.48,-0.60,-0.36
28000.0,-0.49,-0.62,-0.36
30000.0,-0.50,-0.63,-0.37
32000.0,-0.51,-0.64,-0.37
34000.0,-0.51,-0.65,-0.38
36000.0,-0.53,-0.66,-0.39
38000.0,-0.54,-0.66,-0.41
40000.0,-0.54,-0.67,-0.42
42000.0,-0.55,-0.67,-0.43
44000.0,-0.56,-0.69,-0.43
46000.0,-0.57,-0.71,-0.44
48000.0,-0.58,-0.71,-0.44
50000.0,-0.58,-0.72,-0.44
52000.0,-0.58,-0.72,-0.44
54000.0,-0.59,-0.73,-0.45
56000.0,-0.60,-0.74,-0.45
58000.0,-0.60,-0.75,-0.46
60000.0,-0.61,-0.76,-0.46
62000.0,-0.61,-0.76,-0.45
64000.0,-0.61,-0.77,-0.46
66000.0,-0.62,-0.78,-0.46
68000.0,-0.62,-0.78,-0.47
70000.0,-0.63,-0.79,-0.47
72000.0,-0.63,-0.79,-0.47
74000.0,-0.64,-0.80,-0.47
76000.0,-0.64,-0.81,-0.47
78000.0,-0.64,-0.81,-0.47
80000.0,-0.65,-0.82,-0.48
82000.0,-0.66,-0.82,-0.49
84000.0,-0.66,-0.83,-0.49
86000.0,-0.67,-0.84,-0.49
88000.0,-0.67,-0.85,-0.49
90000.0,-0.68,-0.85,-0.50
92000.0,-0.68,-0.86,-0.50
94000.0,-0.68,-0.86,-0.51
96000.0,-0.69,-0.86,-0.52
98000.0,-0.70,-0.86,-0.53
