step,mean,ci_down,ci_up
4000.0,2.00,-0.01,4.01
6000.0,11.50,-3.58,26.58
8000.0,25.00,12.94,37.06
10000.0,39.50,38.49,40.51
12000.0,57.50,42.42,72.58
14000.0,70.50,57.43,83.57
16000.0,83.50,76.46,90.54
18000.0,99.50,88.44,110.56
20000.0,121.50,110.44,132.56
22000.0,134.50,113.39,155.61
24000.0,151.00,124.86,177.14
26000.0,167.50,140.36,194.64
28000.0,185.50,158.36,212.64
30000.0,207.50,178.35,236.65
32000.0,216.50,189.36,243.64
34000.0,233.00,200.83,265.17
36000.0,249.50,208.28,290.72
38000.0,267.00,228.80,305.20
40000.0,283.00,254.85,311.15
42000.0,296.00,279.91,312.09
44000.0,308.50,305.48,311.52
46000.0,327.00,314.94,339.06
48000.0,339.50,328.44,350.56
50000.0,357.00,346.95,367.05
52000.0,374.00,371.99,376.01
54000.0,389.00,378.95,399.05
56000.0,413.00,398.93,427.07
58000.0,431.50,416.42,446.58
60000.0,449.00,422.86,475.14
62000.0,471.00,446.87,495.13
64000.0,492.50,459.32,525.68
66000.0,514.00,479.82,548.18
68000.0,510.00,510.00,510.00
70000.0,524.00,524.00,524.00
72000.0,537.00,537.00,537.00
74000.0,545.00,545.00,545.00
76000.0,560.00,560.00,560.00
78000.0,577.00,577.00,577.00
80000.0,586.00,586.00,586.00
82000.0,601.00,601.00,601.00
84000.0,615.00,615.00,615.00
86000.0,633.00,633.00,633.00
88000.0,645.00,645.00,645.00
90000.0,658.00,658.00,658.00
92000.0,674.00,674.00,674.00
94000.0,690.00,690.00,690.00
96000.0,719.00,719.00,719.00
98000.0,730.00,730.00,730.00
100000.0,748.00,748.00,748.00
