step,mean,ci_down,ci_up
0.0,28.75,25.55,31.94
2000.0,48.05,44.75,51.34
4000.0,63.98,60.26,67.70
6000.0,77.41,74.05,80.77
8000.0,83.43,80.35,86.52
10000.0,87.24,84.02,90.47
12000.0,91.56,88.57,94.55
14000.0,93.37,90.44,96.29
16000.0,98.54,95.19,101.90
18000.0,101.17,98.26,104.08
20000.0,104.24,101.44,107.05
22000.0,104.25,101.07,107.44
24000.0,101.85,99.21,104.49
26000.0,100.03,96.57,103.48
28000.0,103.60,100.55,106.66
30000.0,104.19,100.95,107.42
32000.0,102.26,99.19,105.33
34000.0,103.87,101.19,106.55
36000.0,106.07,103.42,108.72
38000.0,106.26,103.02,109.49
40000.0,106.53,103.69,109.37
42000.0,104.01,100.51,107.52
44000.0,106.83,103.61,110.04
46000.0,106.60,103.41,109.79
48000.0,107.40,104.50,110.31
50000.0,109.27,106.09,112.44
52000.0,109.58,106.14,113.02
54000.0,105.84,103.05,108.62
56000.0,103.82,101.41,106.22
58000.0,107.56,104.60,110.51
60000.0,111.83,109.36,114.30
62000.0,109.90,107.13,112.68
64000.0,109.76,106.72,112.81
66000.0,109.74,106.84,112.64
68000.0,107.45,104.80,110.10
70000.0,108.20,105.21,111.19
72000.0,106.43,103.22,109.64
74000.0,109.99,107.30,112.68
76000.0,109.61,106.90,112.31
78000.0,107.68,103.99,111.37
80000.0,109.31,106.04,112.57
82000.0,103.12,99.69,106.54
84000.0,104.44,101.29,107.58
86000.0,107.74,105.04,110.45
88000.0,104.85,101.74,107.96
90000.0,108.23,104.99,111.46
92000.0,105.67,102.39,108.94
94000.0,110.12,106.99,113.26
96000.0,110.26,107.49,113.02
98000.0,109.15,105.89,112.40
