step,mean,ci_down,ci_up
2000.0,-0.11,-0.17,-0.05
4000.0,-0.08,-0.10,-0.07
6000.0,-0.05,-0.06,-0.04
8000.0,-0.03,-0.04,-0.02
10000.0,-0.02,-0.04,-0.01
12000.0,-0.02,-0.03,-0.02
14000.0,-0.02,-0.03,-0.01
16000.0,-0.02,-0.02,-0.01
18000.0,-0.01,-0.02,-0.01
20000.0,-0.01,-0.02,-0.01
22000.0,-0.02,-0.02,-0.01
24000.0,-0.02,-0.02,-0.01
26000.0,-0.02,-0.03,-0.01
28000.0,-0.01,-0.02,-0.00
30000.0,-0.01,-0.02,-0.00
32000.0,-0.01,-0.01,-0.00
34000.0,-0.01,-0.01,-0.01
36000.0,-0.01,-0.01,-0.01
38000.0,-0.01,-0.01,-0.00
40000.0,-0.01,-0.02,-0.00
42000.0,-0.01,-0.01,-0.01
44000.0,-0.01,-0.01,-0.01
46000.0,-0.01,-0.01,-0.00
48000.0,-0.00,-0.01,0.00
50000.0,-0.00,-0.01,-0.00
52000.0,-0.01,-0.01,-0.00
54000.0,-0.01,-0.01,-0.00
56000.0,-0.00,-0.01,-0.00
58000.0,-0.01,-0.01,-0.00
60000.0,-0.01,-0.01,-0.01
62000.0,-0.01,-0.02,-0.00
64000.0,-0.01,-0.01,-0.00
66000.0,-0.01,-0.01,0.00
68000.0,-0.01,-0.01,-0.00
70000.0,-0.01,-0.01,-0.00
72000.0,-0.01,-0.04,0.01
74000.0,-0.01,-0.01,-0.00
76000.0,-0.01,-0.01,-0.00
78000.0,-0.01,-0.01,-0.00
80000.0,-0.02,-0.03,-0.00
82000.0,-0.01,-0.02,-0.01
84000.0,-0.01,-0.01,-0.01
86000.0,-0.01,-0.01,-0.00
88000.0,-0.01,-0.02,-0.01
90000.0,-0.01,-0.02,-0.01
92000.0,-0.01,-0.01,-0.00
94000.0,-0.01,-0.01,-0.00
96000.0,-0.01,-0.01,-0.00
98000.0,-0.01,-0.01,-0.00
100000.0,-0.01,-0.01,-0.01
