step,mean,ci_down,ci_up
2000.0,35.61,33.11,38.11
4000.0,50.82,45.10,56.54
6000.0,65.32,57.25,73.38
8000.0,75.29,68.65,81.93
10000.0,79.61,70.52,88.70
12000.0,84.00,76.50,91.49
14000.0,85.68,78.28,93.07
16000.0,85.96,79.50,92.42
18000.0,94.57,88.91,100.23
20000.0,90.37,84.23,96.51
22000.0,90.84,84.13,97.56
24000.0,90.30,84.81,95.80
26000.0,94.55,87.56,101.55
28000.0,93.83,88.65,99.02
30000.0,91.73,87.23,96.22
32000.0,94.08,88.06,100.09
34000.0,97.92,93.54,102.29
36000.0,99.44,94.38,104.50
38000.0,98.96,94.49,103.43
40000.0,96.18,92.29,100.08
42000.0,94.00,86.09,101.91
44000.0,100.40,96.10,104.69
46000.0,99.02,91.47,106.58
48000.0,99.01,93.18,104.84
50000.0,103.05,95.70,110.40
52000.0,103.14,97.75,108.52
54000.0,99.21,93.33,105.09
56000.0,100.75,95.01,106.49
58000.0,98.98,93.79,104.17
60000.0,103.34,97.30,109.38
62000.0,104.16,98.64,109.68
64000.0,101.83,93.06,110.59
66000.0,102.48,96.72,108.24
68000.0,104.50,98.49,110.51
70000.0,100.42,93.33,107.51
72000.0,102.83,96.44,109.22
74000.0,106.47,98.60,114.34
76000.0,100.61,95.34,105.89
78000.0,98.96,94.28,103.65
80000.0,102.18,96.61,107.75
82000.0,105.63,97.96,113.30
84000.0,102.67,97.05,108.29
86000.0,102.43,96.90,107.97
88000.0,104.44,97.91,110.97
90000.0,101.68,95.53,107.84
92000.0,100.37,95.53,105.21
94000.0,105.69,99.36,112.02
96000.0,106.11,100.32,111.91
98000.0,104.14,98.44,109.84
100000.0,101.40,95.07,107.72
