step,mean,ci_down,ci_up
2000.0,2.17,1.65,2.68
4000.0,8.84,7.55,10.13
6000.0,12.10,10.83,13.38
8000.0,14.25,12.88,15.62
10000.0,15.96,14.46,17.46
12000.0,16.60,15.09,18.11
14000.0,16.46,15.29,17.63
16000.0,16.86,15.54,18.18
18000.0,15.42,14.31,16.53
20000.0,15.94,14.49,17.39
22000.0,16.46,15.13,17.79
24000.0,17.00,15.55,18.45
26000.0,16.92,15.64,18.20
28000.0,16.52,15.07,17.97
30000.0,15.70,14.33,17.07
32000.0,16.34,15.05,17.63
34000.0,16.24,14.88,17.60
36000.0,16.80,15.31,18.29
38000.0,16.20,14.99,17.41
40000.0,15.30,14.18,16.42
42000.0,17.64,16.34,18.94
44000.0,16.46,14.96,17.96
46000.0,17.70,16.19,19.21
48000.0,17.04,15.49,18.59
50000.0,17.88,16.49,19.27
52000.0,17.84,16.29,19.39
54000.0,16.56,15.21,17.91
56000.0,18.94,17.50,20.38
58000.0,17.84,16.43,19.25
60000.0,17.02,15.73,18.31
62000.0,16.62,15.23,18.01
64000.0,17.50,15.80,19.20
66000.0,17.14,15.62,18.66
68000.0,18.02,16.46,19.58
70000.0,16.00,14.62,17.38
72000.0,17.40,16.09,18.71
74000.0,17.80,16.47,19.13
76000.0,18.26,17.04,19.48
78000.0,16.36,15.13,17.59
80000.0,17.54,16.26,18.82
82000.0,16.94,15.42,18.46
84000.0,18.14,16.46,19.82
86000.0,18.28,16.97,19.59
88000.0,18.14,16.87,19.41
90000.0,18.84,17.52,20.16
92000.0,17.60,16.15,19.05
94000.0,17.88,16.53,19.23
96000.0,17.34,15.92,18.76
98000.0,17.08,15.63,18.53
100000.0,17.70,16.29,19.11
