step,mean,ci_down,ci_up
0.0,-342.48,-422.04,-262.92
50.0,-535.57,-640.16,-430.97
100.0,-692.58,-808.29,-576.87
150.0,-840.01,-967.21,-712.82
200.0,-960.31,-1095.71,-824.91
250.0,-992.41,-1128.43,-856.38
300.0,-1024.36,-1161.50,-887.22
350.0,-1077.45,-1216.77,-938.14
400.0,-1106.40,-1247.91,-964.89
450.0,-1155.60,-1299.70,-1011.50
500.0,-1184.76,-1329.74,-1039.78
550.0,-1230.56,-1379.86,-1081.27
600.0,-1267.98,-1417.48,-1118.49
650.0,-1305.49,-1456.16,-1154.82
700.0,-1372.61,-1527.83,-1217.39
750.0,-1401.34,-1558.79,-1243.89
800.0,-1437.47,-1599.08,-1275.87
850.0,-1449.46,-1611.20,-1287.72
900.0,-1466.59,-1628.82,-1304.36
950.0,-1480.04,-1643.23,-1316.86
1000.0,-1507.23,-1671.50,-1342.96
1050.0,-1528.70,-1693.63,-1363.77
1100.0,-1549.78,-1715.80,-1383.76
1150.0,-1561.71,-1727.64,-1395.79
1200.0,-1573.49,-1739.33,-1407.64
1250.0,-1601.41,-1768.94,-1433.88
1300.0,-1610.21,-1777.77,-1442.65
1350.0,-1620.61,-1788.44,-1452.78
1400.0,-1628.08,-1795.98,-1460.18
1450.0,-1640.88,-1809.81,-1471.94
1500.0,-1649.32,-1818.32,-1480.31
1550.0,-1654.57,-1823.57,-1485.56
1600.0,-1658.49,-1827.53,-1489.44
1650.0,-1662.94,-1831.98,-1493.89
1700.0,-1665.21,-1834.27,-1496.16
1750.0,-1666.28,-1835.38,-1497.19
1800.0,-1668.48,-1838.34,-1498.62
1850.0,-1666.26,-1836.18,-1496.33
1900.0,-1664.16,-1834.48,-1493.83
1950.0,-1659.98,-1830.37,-1489.59
2000.0,-1654.09,-1824.56,-1483.62
2050.0,-1646.67,-1817.27,-1476.08
2100.0,-1640.29,-1811.30,-1469.28
2150.0,-1630.28,-1801.38,-1459.17
2200.0,-1619.57,-1790.74,-1448.39
2250.0,-1608.17,-1779.43,-1436.90
2300.0,-1596.13,-1767.47,-1424.79
2350.0,-1583.90,-1755.34,-1412.46
2400.0,-1571.10,-1742.64,-1399.57
2450.0,-1557.93,-1729.55,-1386.30
2500.0,-1544.05,-1715.79,-1372.32
2550.0,-1529.61,-1701.46,-1357.76
2600.0,-1515.51,-1687.44,-1343.58
2650.0,-1500.56,-1672.62,-1328.50
2700.0,-1485.61,-1657.78,-1313.43
2750.0,-1470.22,-1642.48,-1297.95
2800.0,-1454.92,-1627.25,-1282.58
2850.0,-1439.57,-1611.97,-1267.17
2900.0,-1425.56,-1598.00,-1253.13
2950.0,-1409.53,-1582.06,-1237.01
3000.0,-1394.48,-1567.23,-1221.72
3050.0,-1377.82,-1550.61,-1205.02
3100.0,-1361.03,-1533.88,-1188.18
3150.0,-1344.12,-1517.02,-1171.22
3200.0,-1327.27,-1500.22,-1154.31
3250.0,-1310.10,-1483.12,-1137.08
3300.0,-1293.06,-1466.12,-1120.00
3350.0,-1275.77,-1448.86,-1102.68
3400.0,-1258.47,-1431.58,-1085.36
3450.0,-1241.12,-1414.25,-1067.99
3500.0,-1223.63,-1396.79,-1050.47
3550.0,-1206.08,-1379.28,-1032.89
3600.0,-1188.35,-1361.57,-1015.13
3650.0,-1170.61,-1343.86,-997.37
3700.0,-1152.81,-1326.09,-979.54
3750.0,-1134.69,-1307.98,-961.40
3800.0,-1116.64,-1289.96,-943.32
3850.0,-1098.27,-1271.59,-924.95
3900.0,-1079.90,-1253.22,-906.58
3950.0,-1061.53,-1234.85,-888.21
4000.0,-1043.16,-1216.48,-869.84
4050.0,-1024.79,-1198.11,-851.47
4100.0,-1006.42,-1179.74,-833.10
4150.0,-988.05,-1161.37,-814.73
4200.0,-969.68,-1143.00,-796.36
4250.0,-951.31,-1124.63,-777.99
4300.0,-932.94,-1106.26,-759.62
4350.0,-914.57,-1087.89,-741.25
4400.0,-896.20,-1069.52,-722.88
4450.0,-877.83,-1051.15,-704.51
4500.0,-859.46,-1032.78,-686.14
4550.0,-841.09,-1014.41,-667.77
4600.0,-822.72,-996.04,-649.40
4650.0,-804.35,-977.67,-631.03
4700.0,-785.98,-959.30,-612.66
4750.0,-767.61,-940.93,-594.29
4800.0,-749.24,-922.56,-575.92
4850.0,-730.87,-904.19,-557.55
4900.0,-712.50,-885.82,-539.18
4950.0,-694.13,-867.45,-520.81
5000.0,-675.76,-849.08,-502.44
5050.0,-657.39,-830.71,-484.07
5100.0,-639.02,-812.34,-465.70
5150.0,-620.65,-793.97,-447.33
5200.0,-602.28,-775.60,-428.96
5250.0,-583.91,-757.23,-410.59
5300.0,-565.54,-738.86,-392.22
5350.0,-547.17,-720.49,-373.85
5400.0,-528.80,-702.12,-355.48
5450.0,-510.43,-683.75,-337.11
5500.0,-492.06,-665.38,-318.74
5550.0,-473.69,-647.01,-300.37
5600.0,-455.32,-628.64,-282.00
5650.0,-436.95,-610.27,-263.63
5700.0,-418.58,-591.90,-245.26
5750.0,-400.21,-573.53,-226.89
5800.0,-381.84,-555.16,-208.52
5850.0,-363.47,-536.79,-190.15
5900.0,-345.10,-518.42,-171.78
5950.0,-326.73,-500.05,-153.41
6000.0,-308.36,-481.68,-135.04
6050.0,-289.99,-463.31,-116.67
6100.0,-271.62,-444.94,-98.30
6150.0,-253.25,-426.57,-79.93
6200.0,-234.88,-408.20,-61.56
6250.0,-216.51,-389.83,-43.19
6300.0,-198.14,-371.46,-24.82
6350.0,-179.77,-353.09,-6.45
6400.0,-161.40,-334.72,11.92
6450.0,-143.03,-316.35,30.29
6500.0,-124.66,-297.98,48.66
6550.0,-106.29,-279.61,67.03
6600.0,-87.92,-261.24,85.40
6650.0,-69.55,-242.87,103.77
6700.0,-51.18,-224.50,122.14
6750.0,-32.81,-206.13,140.51
6800.0,-14.44,-187.76,158.88
6850.0,3.93,-169.39,177.25
6900.0,22.30,-151.02,195.62
6950.0,40.67,-132.65,213.99
7000.0,59.04,-114.28,232.36
7050.0,77.41,-95.91,250.73
7100.0,95.78,-77.54,269.10
7150.0,114.15,-59.17,287.47
7200.0,132.52,-40.80,305.84
7250.0,150.89,-22.43,324.21
