step,mean,ci_down,ci_up
1500.0,200.91,200.23,201.59
1550.0,401.87,400.92,402.81
1600.0,603.03,601.87,604.18
1650.0,804.48,803.23,805.73
1700.0,1005.93,1004.60,1007.27
1750.0,1207.28,1205.85,1208.71
1800.0,1407.99,1406.36,1409.62
1850.0,1608.26,1606.44,1610.09
1900.0,1808.01,1805.94,1810.07
1950.0,2005.97,2003.52,2008.42
2000.0,2201.31,2198.34,2204.28
2050.0,2394.21,2390.60,2397.81
2100.0,2584.31,2579.73,2588.89
2150.0,2770.24,2764.23,2776.26
2200.0,2954.14,2946.90,2961.38
2250.0,3130.85,3122.40,3139.29
2300.0,3303.28,3293.98,3312.57
2350.0,3469.28,3458.33,3480.23
2400.0,3630.14,3617.24,3643.04
2450.0,3780.60,3765.23,3795.98
2500.0,3924.76,3906.57,3942.94
2550.0,4058.94,4039.98,4077.90
2600.0,4183.49,4162.96,4204.03
2650.0,4300.12,4277.44,4322.79
2700.0,4409.35,4384.19,4434.51
2750.0,4510.98,4483.04,4538.91
2800.0,4603.61,4572.83,4634.38
2850.0,4688.62,4654.99,4722.25
2900.0,4768.17,4731.73,4804.61
2950.0,4843.12,4803.86,4882.39
3000.0,4912.72,4870.70,4954.75
3050.0,4979.21,4934.46,5023.97
3100.0,5042.49,4995.03,5089.95
3150.0,5102.66,5052.61,5152.71
3200.0,5159.94,5107.37,5212.51
3250.0,5212.51,5157.62,5267.39
3300.0,5262.82,5205.70,5319.95
3350.0,5310.68,5251.43,5369.92
3400.0,5355.53,5294.31,5416.75
3450.0,5398.45,5335.33,5461.57
3500.0,5439.88,5374.92,5504.83
3550.0,5479.69,5412.98,5546.40
3600.0,5517.58,5449.23,5585.94
3650.0,5554.51,5484.55,5624.47
3700.0,5590.26,5518.75,5661.77
3750.0,5623.86,5550.94,5696.78
3800.0,5656.39,5582.15,5730.63
3850.0,5687.75,5612.26,5763.23
3900.0,5718.03,5641.39,5794.68
3950.0,5747.03,5669.34,5824.72
4000.0,5774.64,5696.03,5853.25
4050.0,5801.81,5722.31,5881.32
4100.0,5828.35,5748.01,5908.69
4150.0,5854.13,5773.03,5935.23
4200.0,5879.17,5797.38,5960.95
4250.0,5903.56,5821.16,5985.96
4300.0,5927.63,5844.64,6010.62
4350.0,5950.95,5867.47,6034.43
4400.0,5973.74,5889.83,6057.64
4450.0,5996.95,5912.54,6081.36
4500.0,6019.20,5934.44,6103.96
4550.0,6041.34,5956.23,6126.46
4600.0,6062.52,5977.21,6147.83
4650.0,6083.48,5998.00,6168.97
4700.0,6104.34,6018.73,6189.96
4750.0,6124.98,6039.27,6210.69
4800.0,6145.63,6059.82,6231.44
4850.0,6165.95,6080.08,6251.82
4900.0,6186.27,6100.36,6272.18
4950.0,6206.70,6120.72,6292.68
5000.0,6227.02,6141.00,6313.04
5050.0,6247.34,6161.25,6333.43
5100.0,6267.45,6181.33,6353.56
5150.0,6287.56,6201.42,6373.69
5200.0,6307.77,6221.61,6393.93
5250.0,6327.88,6241.69,6414.06
5300.0,6347.98,6261.77,6434.20
5350.0,6367.98,6281.77,6454.20
5400.0,6387.98,6301.77,6474.20
5450.0,6408.09,6321.85,6494.33
5500.0,6428.09,6341.85,6514.33
5550.0,6448.09,6361.85,6534.33
5600.0,6468.09,6381.85,6554.33
5650.0,6488.09,6401.85,6574.33
5700.0,6508.09,6421.85,6594.33
5750.0,6528.09,6441.85,6614.33
5800.0,6548.09,6461.85,6634.33
5850.0,6568.09,6481.85,6654.33
5900.0,6588.09,6501.85,6674.33
5950.0,6608.09,6521.85,6694.33
6000.0,6628.09,6541.85,6714.33
6050.0,6648.09,6561.85,6734.33
6100.0,6668.09,6581.85,6754.33
6150.0,6688.09,6601.85,6774.33
6200.0,6708.09,6621.85,6794.33
6250.0,6728.09,6641.85,6814.33
6300.0,6748.09,6661.85,6834.33
6350.0,6768.09,6681.85,6854.33
6400.0,6788.09,6701.85,6874.33
6450.0,6808.09,6721.85,6894.33
6500.0,6828.09,6741.85,6914.33
6550.0,6848.09,6761.85,6934.33
6600.0,6868.09,6781.85,6954.33
6650.0,6888.09,6801.85,6974.33
6700.0,6908.09,6821.85,6994.33
6750.0,6928.09,6841.85,7014.33
6800.0,6948.09,6861.85,7034.33
6850.0,6968.09,6881.85,7054.33
6900.0,6988.09,6901.85,7074.33
6950.0,7008.09,6921.85,7094.33
7000.0,7028.09,6941.85,7114.33
7050.0,7048.09,6961.85,7134.33
7100.0,7068.09,6981.85,7154.33
7150.0,7088.09,7001.85,7174.33
7200.0,7108.09,7021.85,7194.33
7250.0,7128.09,7041.85,7214.33
7300.0,7148.09,7061.85,7234.33
7350.0,7168.09,7081.85,7254.33
7400.0,7188.09,7101.85,7274.33
7450.0,7208.09,7121.85,7294.33
7500.0,7228.09,7141.85,7314.33
7550.0,7248.09,7161.85,7334.33
7600.0,7268.09,7181.85,7354.33
7650.0,7288.09,7201.85,7374.33
7700.0,7308.09,7221.85,7394.33
7750.0,7328.09,7241.85,7414.33
7800.0,7348.09,7261.85,7434.33
7850.0,7368.09,7281.85,7454.33
7900.0,7388.09,7301.85,7474.33
7950.0,7408.09,7321.85,7494.33
8000.0,7428.09,7341.85,7514.33
