step,mean,ci_down,ci_up
1500.0,-26.58,-37.73,-15.43
1550.0,-50.53,-66.10,-34.97
1600.0,-71.05,-89.59,-52.50
1650.0,-91.29,-111.64,-70.93
1700.0,-110.61,-134.23,-87.00
1750.0,-133.28,-158.60,-107.97
1800.0,-148.61,-174.41,-122.81
1850.0,-162.92,-189.00,-136.83
1900.0,-178.90,-205.85,-151.96
1950.0,-191.89,-218.93,-164.86
2000.0,-208.28,-236.43,-180.13
2050.0,-217.64,-245.82,-189.45
2100.0,-226.63,-254.82,-198.43
2150.0,-234.12,-262.33,-205.92
2200.0,-242.87,-271.22,-214.51
2250.0,-250.76,-279.16,-222.37
2300.0,-256.93,-285.37,-228.50
2350.0,-261.95,-290.43,-233.46
2400.0,-266.94,-295.49,-238.39
2450.0,-274.40,-303.71,-245.08
2500.0,-275.56,-304.94,-246.18
2550.0,-276.08,-305.52,-246.65
2600.0,-274.01,-303.45,-244.57
2650.0,-271.30,-300.81,-241.78
2700.0,-266.84,-296.39,-237.29
2750.0,-261.72,-291.33,-232.10
2800.0,-254.67,-284.35,-224.98
2850.0,-248.09,-277.95,-218.23
2900.0,-239.53,-269.52,-209.55
2950.0,-229.89,-259.96,-199.83
3000.0,-219.28,-249.43,-189.13
3050.0,-208.16,-238.40,-177.92
3100.0,-196.54,-226.88,-166.19
3150.0,-184.54,-214.98,-154.09
3200.0,-171.98,-202.52,-141.44
3250.0,-158.69,-189.33,-128.05
3300.0,-145.05,-175.78,-114.31
3350.0,-131.17,-162.01,-100.34
3400.0,-116.79,-147.72,-85.86
3450.0,-102.10,-133.13,-71.07
3500.0,-87.18,-118.30,-56.05
3550.0,-72.05,-103.27,-40.82
3600.0,-56.53,-87.84,-25.21
3650.0,-41.34,-72.79,-9.90
3700.0,-25.50,-57.02,6.03
3750.0,-9.62,-41.24,22.01
3800.0,6.80,-24.91,38.50
3850.0,23.40,-8.38,55.18
3900.0,40.16,8.32,72.00
3950.0,57.13,25.23,89.03
4000.0,74.31,42.36,106.27
4050.0,91.56,59.56,123.57
4100.0,108.92,76.86,140.97
4150.0,126.38,94.28,158.49
4200.0,143.97,111.83,176.11
4250.0,161.65,129.47,193.84
4300.0,179.39,147.17,211.61
4350.0,197.24,164.99,229.49
4400.0,215.18,182.90,247.45
4450.0,233.05,200.74,265.36
4500.0,251.07,218.74,283.40
4550.0,269.10,236.75,301.46
4600.0,287.29,254.92,319.65
4650.0,305.51,273.13,337.88
4700.0,323.75,291.36,356.13
4750.0,342.02,309.62,374.41
4800.0,360.28,327.89,392.68
4850.0,378.60,346.20,411.00
4900.0,396.92,364.52,429.33
4950.0,415.23,382.82,447.63
5000.0,433.55,401.14,465.96
5050.0,451.87,419.45,484.28
5100.0,470.22,437.81,502.64
5150.0,488.57,456.16,520.99
5200.0,506.91,474.49,539.33
5250.0,525.26,492.84,557.68
5300.0,543.62,511.20,576.04
5350.0,561.99,529.57,594.41
5400.0,580.36,547.94,612.78
5450.0,598.71,566.29,631.13
5500.0,617.08,584.66,649.50
5550.0,635.45,603.03,667.87
5600.0,653.82,621.40,686.24
5650.0,672.19,639.77,704.61
5700.0,690.56,658.14,722.98
5750.0,708.93,676.51,741.35
5800.0,727.30,694.88,759.72
5850.0,745.67,713.25,778.09
5900.0,764.04,731.62,796.46
5950.0,782.41,749.99,814.83
6000.0,800.78,768.36,833.20
6050.0,819.15,786.73,851.57
6100.0,837.52,805.10,869.94
6150.0,855.89,823.47,888.31
6200.0,874.26,841.84,906.68
6250.0,892.63,860.21,925.05
6300.0,911.00,878.58,943.42
6350.0,929.37,896.95,961.79
6400.0,947.74,915.32,980.16
6450.0,966.11,933.69,998.53
6500.0,984.48,952.06,1016.90
6550.0,1002.85,970.43,1035.27
6600.0,1021.22,988.80,1053.64
6650.0,1039.59,1007.17,1072.01
6700.0,1057.96,1025.54,1090.38
6750.0,1076.33,1043.91,1108.75
6800.0,1094.70,1062.28,1127.12
6850.0,1113.07,1080.65,1145.49
6900.0,1131.44,1099.02,1163.86
6950.0,1149.81,1117.39,1182.23
7000.0,1168.18,1135.76,1200.60
7050.0,1186.55,1154.13,1218.97
7100.0,1204.92,1172.50,1237.34
7150.0,1223.29,1190.87,1255.71
7200.0,1241.66,1209.24,1274.08
7250.0,1260.03,1227.61,1292.45
7300.0,1278.40,1245.98,1310.82
7350.0,1296.77,1264.35,1329.19
7400.0,1315.14,1282.72,1347.56
7450.0,1333.51,1301.09,1365.93
7500.0,1351.88,1319.46,1384.30
7550.0,1370.25,1337.83,1402.67
7600.0,1388.62,1356.20,1421.04
7650.0,1406.99,1374.57,1439.41
7700.0,1425.36,1392.94,1457.78
7750.0,1443.73,1411.31,1476.15
7800.0,1462.10,1429.68,1494.52
7850.0,1480.47,1448.05,1512.89
7900.0,1498.84,1466.42,1531.26
7950.0,1517.21,1484.79,1549.63
8000.0,1535.58,1503.16,1568.00
