step,mean,ci_down,ci_up
0.0,183.19,178.54,187.84
50.0,372.75,366.67,378.84
100.0,568.98,562.42,575.53
150.0,764.88,757.65,772.11
200.0,963.18,955.60,970.76
250.0,1164.45,1156.78,1172.12
300.0,1365.38,1357.55,1373.20
350.0,1564.70,1556.55,1572.85
400.0,1765.33,1757.14,1773.53
450.0,1965.64,1957.37,1973.91
500.0,2166.03,2157.71,2174.34
550.0,2366.81,2358.37,2375.26
600.0,2566.07,2557.31,2574.83
650.0,2767.03,2758.03,2776.02
700.0,2967.04,2957.87,2976.22
750.0,3168.21,3159.01,3177.40
800.0,3368.59,3359.32,3377.86
850.0,3570.59,3561.32,3579.86
900.0,3771.73,3762.44,3781.03
950.0,3973.33,3964.02,3982.63
1000.0,4174.49,4165.11,4183.88
1050.0,4375.25,4365.84,4384.67
1100.0,4576.41,4566.85,4585.97
1150.0,4776.38,4766.53,4786.24
1200.0,4975.52,4965.36,4985.67
1250.0,5171.40,5160.68,5182.12
1300.0,5365.68,5354.26,5377.10
1350.0,5555.88,5542.65,5569.11
1400.0,5741.63,5725.89,5757.37
1450.0,5924.54,5905.41,5943.66
1500.0,6100.93,6078.01,6123.85
1550.0,6272.46,6247.51,6297.40
1600.0,6435.46,6407.15,6463.76
1650.0,6597.66,6565.08,6630.25
1700.0,6750.10,6712.46,6787.74
1750.0,6894.82,6851.78,6937.86
1800.0,7027.73,6982.71,7072.76
1850.0,7151.33,7102.95,7199.70
1900.0,7268.42,7215.78,7321.06
1950.0,7379.43,7322.13,7436.72
2000.0,7479.46,7416.96,7541.96
2050.0,7569.74,7502.05,7637.43
2100.0,7650.68,7577.88,7723.47
2150.0,7724.30,7646.63,7801.97
2200.0,7793.46,7710.84,7876.08
2250.0,7858.15,7770.61,7945.68
2300.0,7918.77,7826.46,8011.08
2350.0,7978.18,7881.08,8075.27
2400.0,8033.93,7932.25,8135.61
2450.0,8087.24,7981.15,8193.32
2500.0,8136.08,8025.99,8246.18
2550.0,8181.27,8067.46,8295.08
2600.0,8224.83,8107.50,8342.16
2650.0,8266.77,8145.98,8387.56
2700.0,8308.71,8184.30,8433.12
2750.0,8347.80,8220.13,8475.48
2800.0,8386.49,8255.52,8517.45
2850.0,8424.36,8290.14,8558.59
2900.0,8458.99,8322.03,8595.94
2950.0,8494.02,8354.10,8633.94
3000.0,8526.21,8383.76,8668.65
3050.0,8557.18,8412.42,8701.93
3100.0,8587.33,8440.37,8734.29
3150.0,8616.68,8467.60,8765.75
3200.0,8646.43,8495.09,8797.76
3250.0,8674.15,8520.95,8827.34
3300.0,8702.68,8547.38,8857.97
3350.0,8729.58,8572.53,8886.64
3400.0,8756.49,8597.64,8915.34
3450.0,8782.99,8622.37,8943.61
3500.0,8808.68,8646.50,8970.85
3550.0,8833.96,8670.30,8997.61
3600.0,8858.02,8693.19,9022.85
3650.0,8882.08,8716.05,9048.11
3700.0,8905.74,8738.60,9072.87
3750.0,8927.36,8759.74,9094.99
3800.0,8949.40,8781.15,9117.64
3850.0,8969.40,8801.15,9137.64
3900.0,8989.40,8821.15,9157.64
3950.0,9009.40,8841.15,9177.64
4000.0,9029.40,8861.15,9197.64
4050.0,9049.40,8881.15,9217.64
4100.0,9069.40,8901.15,9237.64
4150.0,9089.40,8921.15,9257.64
4200.0,9109.40,8941.15,9277.64
4250.0,9129.40,8961.15,9297.64
4300.0,9149.40,8981.15,9317.64
4350.0,9169.40,9001.15,9337.64
4400.0,9189.40,9021.15,9357.64
4450.0,9209.40,9041.15,9377.64
4500.0,9229.40,9061.15,9397.64
4550.0,9249.40,9081.15,9417.64
4600.0,9269.40,9101.15,9437.64
4650.0,9289.40,9121.15,9457.64
4700.0,9309.40,9141.15,9477.64
4750.0,9329.40,9161.15,9497.64
4800.0,9349.40,9181.15,9517.64
4850.0,9369.40,9201.15,9537.64
4900.0,9389.40,9221.15,9557.64
4950.0,9409.40,9241.15,9577.64
5000.0,9429.40,9261.15,9597.64
5050.0,9449.40,9281.15,9617.64
5100.0,9469.40,9301.15,9637.64
5150.0,9489.40,9321.15,9657.64
5200.0,9509.40,9341.15,9677.64
5250.0,9529.40,9361.15,9697.64
5300.0,9549.40,9381.15,9717.64
5350.0,9569.40,9401.15,9737.64
5400.0,9589.40,9421.15,9757.64
5450.0,9609.40,9441.15,9777.64
5500.0,9629.40,9461.15,9797.64
5550.0,9649.40,9481.15,9817.64
5600.0,9669.40,9501.15,9837.64
5650.0,9689.40,9521.15,9857.64
5700.0,9709.40,9541.15,9877.64
5750.0,9729.40,9561.15,9897.64
5800.0,9749.40,9581.15,9917.64
5850.0,9769.40,9601.15,9937.64
5900.0,9789.40,9621.15,9957.64
5950.0,9809.40,9641.15,9977.64
6000.0,9829.40,9661.15,9997.64
6050.0,9849.40,9681.15,10017.64
6100.0,9869.40,9701.15,10037.64
6150.0,9889.40,9721.15,10057.64
6200.0,9909.40,9741.15,10077.64
6250.0,9929.40,9761.15,10097.64
6300.0,9949.40,9781.15,10117.64
6350.0,9969.40,9801.15,10137.64
6400.0,9989.40,9821.15,10157.64
6450.0,10009.40,9841.15,10177.64
6500.0,10029.40,9861.15,10197.64
6550.0,10049.40,9881.15,10217.64
6600.0,10069.40,9901.15,10237.64
6650.0,10089.40,9921.15,10257.64
6700.0,10109.40,9941.15,10277.64
6750.0,10129.40,9961.15,10297.64
6800.0,10149.40,9981.15,10317.64
6850.0,10169.40,10001.15,10337.64
6900.0,10189.40,10021.15,10357.64
6950.0,10209.40,10041.15,10377.64
7000.0,10229.40,10061.15,10397.64
7050.0,10249.40,10081.15,10417.64
7100.0,10269.40,10101.15,10437.64
7150.0,10289.40,10121.15,10457.64
7200.0,10309.40,10141.15,10477.64
7250.0,10329.40,10161.15,10497.64
