step,mean,ci_down,ci_up
750.0,-342.48,-422.04,-262.92
800.0,-201.48,-257.32,-145.65
850.0,-154.83,-194.78,-114.87
900.0,-138.94,-175.48,-102.40
950.0,-112.14,-141.93,-82.36
1000.0,-56.83,-78.02,-35.64
1050.0,-40.55,-53.46,-27.63
1100.0,-43.86,-60.23,-27.48
1150.0,-35.43,-49.49,-21.38
1200.0,-45.01,-59.49,-30.53
1250.0,-36.09,-49.34,-22.85
1300.0,-36.27,-51.25,-21.29
1350.0,-29.49,-37.39,-21.59
1400.0,-22.66,-30.37,-14.94
1450.0,-38.33,-53.76,-22.91
1500.0,-26.58,-37.73,-15.43
1550.0,-23.64,-34.29,-12.98
1600.0,-22.43,-33.13,-11.72
1650.0,-19.72,-27.71,-11.74
1700.0,-22.43,-32.35,-12.51
1750.0,-21.48,-29.91,-13.04
1800.0,-16.27,-21.56,-10.98
1850.0,-13.76,-17.33,-10.19
1900.0,-17.67,-24.60,-10.75
1950.0,-12.50,-14.68,-10.32
2000.0,-15.76,-22.77,-8.75
2050.0,-9.42,-10.78,-8.06
2100.0,-9.95,-12.21,-7.69
2150.0,-7.63,-7.98,-7.28
2200.0,-8.56,-10.50,-6.61
2250.0,-7.69,-9.17,-6.22
2300.0,-6.66,-8.13,-5.19
2350.0,-4.99,-6.08,-3.91
2400.0,-4.75,-6.30,-3.20
2450.0,-7.18,-12.86,-1.51
2500.0,-1.14,-1.80,-0.48
2550.0,-0.41,-1.71,0.88
2600.0,1.95,1.33,2.57
2650.0,2.77,1.83,3.71
2700.0,4.45,3.82,5.08
2750.0,5.12,4.03,6.21
2800.0,7.02,6.41,7.64
2850.0,6.54,4.80,8.29
2900.0,8.49,7.43,9.55
2950.0,9.55,8.91,10.19
3000.0,10.37,9.71,11.03
3050.0,10.54,9.42,11.66
3100.0,11.55,11.01,12.08
3150.0,11.95,11.39,12.51
3200.0,12.57,12.06,13.07
3250.0,13.27,12.79,13.75
3300.0,13.65,13.18,14.11
3350.0,13.84,13.30,14.38
3400.0,14.36,13.88,14.84
3450.0,14.66,14.20,15.13
3500.0,14.89,14.43,15.34
3550.0,15.11,14.66,15.56
3600.0,15.48,15.08,15.88
3650.0,15.19,14.18,16.21
3700.0,15.80,15.43,16.18
3750.0,15.90,15.17,16.63
3800.0,16.37,16.05,16.69
3850.0,16.55,16.25,16.86
3900.0,16.72,16.43,17.02
3950.0,16.92,16.65,17.20
4000.0,17.11,16.85,17.37
4050.0,17.24,16.99,17.48
4100.0,17.32,17.08,17.56
4150.0,17.43,17.21,17.66
4200.0,17.55,17.34,17.76
4250.0,17.67,17.48,17.87
4300.0,17.72,17.53,17.91
4350.0,17.83,17.66,18.00
4400.0,17.90,17.74,18.06
4450.0,17.86,17.69,18.03
4500.0,18.00,17.86,18.14
4550.0,18.03,17.89,18.17
4600.0,18.14,18.03,18.25
4650.0,18.17,18.07,18.28
4700.0,18.20,18.10,18.30
4750.0,18.24,18.16,18.33
4800.0,18.24,18.16,18.33
4850.0,18.28,18.22,18.35
4900.0,18.30,18.24,18.36
4950.0,18.28,18.22,18.35
5000.0,18.30,18.24,18.36
5050.0,18.30,18.24,18.36
5100.0,18.33,18.28,18.38
5150.0,18.34,18.30,18.38
5200.0,18.31,18.26,18.37
5250.0,18.36,18.33,18.38
5300.0,18.36,18.33,18.38
5350.0,18.37,18.37,18.37
5400.0,18.37,18.37,18.37
5450.0,18.36,18.33,18.38
5500.0,18.36,18.33,18.38
5550.0,18.36,18.33,18.38
5600.0,18.37,18.37,18.37
5650.0,18.36,18.33,18.38
5700.0,18.37,18.37,18.37
5750.0,18.37,18.37,18.37
5800.0,18.37,18.37,18.37
5850.0,18.37,18.37,18.37
5900.0,18.37,18.37,18.37
5950.0,18.37,18.37,18.37
6000.0,18.37,18.37,18.37
6050.0,18.37,18.37,18.37
6100.0,18.37,18.37,18.37
6150.0,18.37,18.37,18.37
6200.0,18.37,18.37,18.37
6250.0,18.37,18.37,18.37
6300.0,18.37,18.37,18.37
6350.0,18.37,18.37,18.37
6400.0,18.37,18.37,18.37
6450.0,18.37,18.37,18.37
6500.0,18.37,18.37,18.37
6550.0,18.37,18.37,18.37
6600.0,18.37,18.37,18.37
6650.0,18.37,18.37,18.37
6700.0,18.37,18.37,18.37
6750.0,18.37,18.37,18.37
6800.0,18.37,18.37,18.37
6850.0,18.37,18.37,18.37
6900.0,18.37,18.37,18.37
6950.0,18.37,18.37,18.37
7000.0,18.37,18.37,18.37
7050.0,18.37,18.37,18.37
7100.0,18.37,18.37,18.37
7150.0,18.37,18.37,18.37
7200.0,18.37,18.37,18.37
7250.0,18.37,18.37,18.37
7300.0,18.37,18.37,18.37
7350.0,18.37,18.37,18.37
7400.0,18.37,18.37,18.37
7450.0,18.37,18.37,18.37
7500.0,18.37,18.37,18.37
7550.0,18.37,18.37,18.37
7600.0,18.37,18.37,18.37
7650.0,18.37,18.37,18.37
7700.0,18.37,18.37,18.37
7750.0,18.37,18.37,18.37
7800.0,18.37,18.37,18.37
7850.0,18.37,18.37,18.37
7900.0,18.37,18.37,18.37
7950.0,18.37,18.37,18.37
8000.0,18.37,18.37,18.37
