step,mean,ci_down,ci_up
750.0,183.19,178.54,187.84
800.0,190.77,187.54,194.00
850.0,195.52,193.30,197.75
900.0,196.19,194.26,198.11
950.0,197.85,196.33,199.36
1000.0,200.40,199.49,201.30
1050.0,200.45,199.55,201.35
1100.0,200.45,199.54,201.35
1150.0,200.08,199.12,201.05
1200.0,200.13,199.19,201.08
1250.0,200.56,199.75,201.38
1300.0,200.65,199.87,201.43
1350.0,199.60,198.55,200.64
1400.0,201.42,200.92,201.91
1450.0,200.66,199.90,201.42
1500.0,200.91,200.23,201.59
1550.0,200.98,200.34,201.62
1600.0,201.20,200.63,201.77
1650.0,201.39,200.89,201.88
1700.0,201.40,200.91,201.88
1750.0,201.41,200.93,201.89
1800.0,200.75,200.06,201.43
1850.0,200.29,199.50,201.09
1900.0,199.46,198.50,200.42
1950.0,197.84,196.63,199.06
2000.0,195.13,193.58,196.68
2050.0,193.14,191.40,194.89
2100.0,190.51,188.54,192.47
2150.0,186.77,184.54,189.01
2200.0,184.17,181.78,186.57
2250.0,177.18,174.41,179.94
2300.0,173.10,170.16,176.04
2350.0,166.45,163.26,169.64
2400.0,160.64,157.27,164.01
2450.0,150.80,147.18,154.42
2500.0,144.07,140.32,147.82
2550.0,134.38,130.49,138.27
2600.0,125.20,121.22,129.17
2650.0,116.82,112.81,120.84
2700.0,109.27,105.25,113.29
2750.0,102.17,98.17,106.18
2800.0,92.80,88.86,96.74
2850.0,86.24,82.37,90.11
2900.0,80.51,76.72,84.30
2950.0,75.69,71.98,79.40
3000.0,70.14,66.55,73.74
3050.0,67.04,63.52,70.57
3100.0,63.77,60.33,67.21
3150.0,60.59,57.24,63.94
3200.0,57.22,53.97,60.46
3250.0,52.67,49.58,55.76
3300.0,50.30,47.31,53.30
3350.0,48.21,45.30,51.12
3400.0,45.12,42.34,47.89
3450.0,43.20,40.52,45.89
3500.0,41.75,39.14,44.36
3550.0,40.11,37.59,42.63
3600.0,38.20,35.79,40.61
3650.0,37.38,35.02,39.75
3700.0,36.11,33.82,38.39
3750.0,33.83,31.70,35.96
3800.0,32.83,30.77,34.89
3850.0,31.65,29.68,33.62
3900.0,30.56,28.68,32.44
3950.0,29.28,27.51,31.05
4000.0,28.10,26.44,29.76
4050.0,27.28,25.70,28.86
4100.0,26.73,25.22,28.25
4150.0,26.01,24.57,27.44
4200.0,25.28,23.93,26.63
4250.0,24.46,23.22,25.70
4300.0,24.19,22.98,25.39
4350.0,23.46,22.36,24.56
4400.0,23.00,21.98,24.03
4450.0,23.28,22.21,24.35
4500.0,22.37,21.45,23.28
4550.0,22.18,21.31,23.06
4600.0,21.46,20.74,22.17
4650.0,21.27,20.60,21.94
4700.0,21.09,20.47,21.71
4750.0,20.82,20.28,21.36
4800.0,20.82,20.28,21.36
4850.0,20.55,20.11,20.99
4900.0,20.45,20.05,20.86
4950.0,20.55,20.11,20.99
5000.0,20.45,20.05,20.86
5050.0,20.45,20.05,20.86
5100.0,20.27,19.96,20.58
5150.0,20.18,19.93,20.44
5200.0,20.36,20.00,20.72
5250.0,20.09,19.91,20.27
5300.0,20.09,19.91,20.27
5350.0,20.00,20.00,20.00
5400.0,20.00,20.00,20.00
5450.0,20.09,19.91,20.27
5500.0,20.09,19.91,20.27
5550.0,20.09,19.91,20.27
5600.0,20.00,20.00,20.00
5650.0,20.09,19.91,20.27
5700.0,20.00,20.00,20.00
5750.0,20.00,20.00,20.00
5800.0,20.00,20.00,20.00
5850.0,20.00,20.00,20.00
5900.0,20.00,20.00,20.00
5950.0,20.00,20.00,20.00
6000.0,20.00,20.00,20.00
6050.0,20.00,20.00,20.00
6100.0,20.00,20.00,20.00
6150.0,20.00,20.00,20.00
6200.0,20.00,20.00,20.00
6250.0,20.00,20.00,20.00
6300.0,20.00,20.00,20.00
6350.0,20.00,20.00,20.00
6400.0,20.00,20.00,20.00
6450.0,20.00,20.00,20.00
6500.0,20.00,20.00,20.00
6550.0,20.00,20.00,20.00
6600.0,20.00,20.00,20.00
6650.0,20.00,20.00,20.00
6700.0,20.00,20.00,20.00
6750.0,20.00,20.00,20.00
6800.0,20.00,20.00,20.00
6850.0,20.00,20.00,20.00
6900.0,20.00,20.00,20.00
6950.0,20.00,20.00,20.00
7000.0,20.00,20.00,20.00
7050.0,20.00,20.00,20.00
7100.0,20.00,20.00,20.00
7150.0,20.00,20.00,20.00
7200.0,20.00,20.00,20.00
7250.0,20.00,20.00,20.00
7300.0,20.00,20.00,20.00
7350.0,20.00,20.00,20.00
7400.0,20.00,20.00,20.00
7450.0,20.00,20.00,20.00
7500.0,20.00,20.00,20.00
7550.0,20.00,20.00,20.00
7600.0,20.00,20.00,20.00
7650.0,20.00,20.00,20.00
7700.0,20.00,20.00,20.00
7750.0,20.00,20.00,20.00
7800.0,20.00,20.00,20.00
7850.0,20.00,20.00,20.00
7900.0,20.00,20.00,20.00
7950.0,20.00,20.00,20.00
8000.0,20.00,20.00,20.00
