step,mean,ci_down,ci_up
30000.0,12.39,8.57,16.20
32000.0,28.06,21.92,34.19
34000.0,41.72,34.60,48.85
36000.0,55.00,47.33,62.67
38000.0,69.39,62.35,76.43
40000.0,83.50,75.67,91.33
42000.0,99.00,88.68,109.32
44000.0,115.61,103.00,128.22
46000.0,130.11,116.65,143.57
48000.0,146.67,131.84,161.49
50000.0,163.61,147.98,179.24
52000.0,181.28,165.47,197.08
54000.0,199.89,183.25,216.52
56000.0,216.83,199.65,234.02
58000.0,234.67,217.16,252.17
60000.0,253.33,235.28,271.38
62000.0,269.00,249.79,288.21
64000.0,283.33,262.14,304.52
66000.0,298.89,276.07,321.71
68000.0,316.39,292.94,339.84
70000.0,332.67,309.16,356.17
72000.0,349.28,326.42,372.13
74000.0,363.06,340.25,385.86
76000.0,378.89,355.42,402.36
78000.0,393.94,370.30,417.59
80000.0,410.72,386.80,434.64
82000.0,428.44,403.85,453.04
84000.0,445.22,420.36,470.09
86000.0,462.56,437.60,487.51
88000.0,480.72,455.08,506.37
90000.0,498.78,471.49,526.07
92000.0,518.61,490.50,546.72
94000.0,537.44,508.90,565.99
96000.0,553.22,524.93,581.51
98000.0,569.56,541.07,598.04
100000.0,586.50,558.94,614.06
