step,mean,ci_down,ci_up
0.0,-0.02,-0.04,0.00
2000.0,-0.05,-0.08,-0.01
4000.0,-0.08,-0.13,-0.03
6000.0,-0.10,-0.16,-0.05
8000.0,-0.12,-0.18,-0.05
10000.0,-0.14,-0.19,-0.08
12000.0,-0.16,-0.22,-0.11
14000.0,-0.18,-0.24,-0.12
16000.0,-0.19,-0.25,-0.13
18000.0,-0.20,-0.26,-0.13
20000.0,-0.20,-0.27,-0.14
22000.0,-0.21,-0.28,-0.14
24000.0,-0.21,-0.29,-0.14
26000.0,-0.22,-0.29,-0.15
28000.0,-0.22,-0.30,-0.15
30000.0,-0.23,-0.31,-0.15
32000.0,-0.24,-0.32,-0.16
34000.0,-0.24,-0.32,-0.16
36000.0,-0.26,-0.34,-0.18
38000.0,-0.29,-0.38,-0.20
40000.0,-0.30,-0.39,-0.20
42000.0,-0.30,-0.40,-0.21
44000.0,-0.33,-0.43,-0.22
46000.0,-0.33,-0.44,-0.23
48000.0,-0.34,-0.45,-0.24
50000.0,-0.35,-0.46,-0.24
52000.0,-0.36,-0.47,-0.25
54000.0,-0.36,-0.47,-0.25
56000.0,-0.36,-0.47,-0.25
58000.0,-0.37,-0.48,-0.26
60000.0,-0.37,-0.48,-0.26
62000.0,-0.38,-0.48,-0.27
64000.0,-0.38,-0.49,-0.27
66000.0,-0.38,-0.49,-0.27
68000.0,-0.39,-0.49,-0.28
70000.0,-0.39,-0.50,-0.28
72000.0,-0.39,-0.50,-0.28
74000.0,-0.39,-0.50,-0.28
