step,mean,ci_down,ci_up
0.0,85.23,67.71,102.75
2000.0,173.93,140.55,207.31
4000.0,249.45,205.00,293.91
6000.0,331.12,281.83,380.42
8000.0,425.29,370.33,480.25
10000.0,512.06,456.19,567.93
12000.0,602.50,549.62,655.38
14000.0,691.73,634.15,749.32
16000.0,782.24,719.76,844.73
18000.0,876.01,810.68,941.34
20000.0,977.08,910.52,1043.64
22000.0,1080.47,1011.53,1149.40
24000.0,1179.49,1110.15,1248.83
26000.0,1281.31,1207.66,1354.96
28000.0,1380.63,1303.12,1458.14
30000.0,1485.45,1402.54,1568.36
32000.0,1594.98,1510.12,1679.85
34000.0,1702.32,1612.89,1791.75
36000.0,1798.12,1708.84,1887.40
38000.0,1886.86,1798.04,1975.68
40000.0,1977.63,1888.28,2066.98
42000.0,2069.77,1981.26,2158.28
44000.0,2153.39,2057.87,2248.91
46000.0,2250.30,2147.64,2352.97
48000.0,2348.69,2243.67,2453.71
50000.0,2446.27,2338.55,2553.99
52000.0,2545.13,2435.64,2654.63
54000.0,2645.92,2533.06,2758.78
56000.0,2749.51,2635.86,2863.16
58000.0,2849.85,2734.45,2965.25
60000.0,2954.46,2838.11,3070.81
62000.0,3056.45,2938.89,3174.01
64000.0,3152.49,3033.14,3271.85
66000.0,3259.05,3140.10,3378.00
68000.0,3364.68,3244.66,3484.70
70000.0,3479.06,3355.71,3602.41
72000.0,3587.60,3463.96,3711.25
74000.0,3693.26,3567.85,3818.66
