step,mean,ci_down,ci_up
30000.0,72.30,56.68,87.92
32000.0,151.26,129.07,173.45
34000.0,237.50,208.49,266.50
36000.0,320.28,289.52,351.04
38000.0,410.53,379.36,441.70
40000.0,500.97,472.81,529.12
42000.0,580.87,544.33,617.41
44000.0,664.39,623.65,705.12
46000.0,757.18,712.29,802.06
48000.0,857.90,811.33,904.46
50000.0,955.93,909.69,1002.17
52000.0,1053.49,1003.28,1103.69
54000.0,1152.33,1101.25,1203.40
56000.0,1252.22,1197.22,1307.21
58000.0,1358.50,1301.51,1415.48
60000.0,1462.10,1401.31,1522.90
62000.0,1559.52,1498.41,1620.64
64000.0,1652.39,1592.51,1712.27
66000.0,1745.29,1685.12,1805.46
68000.0,1842.02,1782.18,1901.86
70000.0,1931.30,1869.59,1993.02
72000.0,2030.68,1965.59,2095.78
74000.0,2130.32,2062.49,2198.15
76000.0,2229.59,2160.26,2298.92
78000.0,2331.38,2261.29,2401.47
80000.0,2430.88,2358.74,2503.02
82000.0,2532.18,2459.27,2605.09
84000.0,2633.34,2560.39,2706.29
86000.0,2738.59,2666.07,2811.11
88000.0,2841.12,2767.89,2914.36
90000.0,2941.50,2867.83,3015.16
92000.0,3045.09,2971.31,3118.86
94000.0,3153.18,3080.07,3226.30
96000.0,3263.65,3188.19,3339.11
98000.0,3370.37,3295.39,3445.36
100000.0,3475.13,3399.12,3551.13
