step,mean,ci_down,ci_up
30000.0,-0.04,-0.07,-0.02
32000.0,-0.07,-0.10,-0.04
34000.0,-0.09,-0.13,-0.05
36000.0,-0.11,-0.15,-0.07
38000.0,-0.14,-0.17,-0.10
40000.0,-0.16,-0.19,-0.12
42000.0,-0.19,-0.24,-0.14
44000.0,-0.22,-0.27,-0.16
46000.0,-0.23,-0.29,-0.17
48000.0,-0.24,-0.30,-0.17
50000.0,-0.24,-0.31,-0.18
52000.0,-0.25,-0.31,-0.18
54000.0,-0.25,-0.32,-0.19
56000.0,-0.26,-0.32,-0.19
58000.0,-0.26,-0.33,-0.19
60000.0,-0.27,-0.34,-0.20
62000.0,-0.29,-0.36,-0.21
64000.0,-0.30,-0.38,-0.23
66000.0,-0.32,-0.40,-0.24
68000.0,-0.32,-0.40,-0.24
70000.0,-0.34,-0.42,-0.26
72000.0,-0.35,-0.43,-0.26
74000.0,-0.36,-0.44,-0.27
76000.0,-0.37,-0.45,-0.28
78000.0,-0.37,-0.46,-0.28
80000.0,-0.38,-0.47,-0.29
82000.0,-0.38,-0.47,-0.29
84000.0,-0.38,-0.47,-0.29
86000.0,-0.39,-0.48,-0.30
88000.0,-0.39,-0.48,-0.30
90000.0,-0.39,-0.48,-0.30
92000.0,-0.40,-0.49,-0.31
94000.0,-0.40,-0.49,-0.31
96000.0,-0.40,-0.49,-0.31
98000.0,-0.40,-0.49,-0.31
100000.0,-0.40,-0.49,-0.31
