step,mean,ci_down,ci_up
0.0,-0.02,-0.04,-0.00
2000.0,-0.02,-0.04,-0.01
4000.0,-0.04,-0.06,-0.03
6000.0,-0.02,-0.03,-0.01
8000.0,-0.02,-0.03,-0.01
10000.0,-0.02,-0.03,-0.02
12000.0,-0.02,-0.04,-0.01
14000.0,-0.02,-0.03,-0.01
16000.0,-0.03,-0.04,-0.02
18000.0,-0.02,-0.03,-0.01
20000.0,-0.01,-0.01,-0.01
22000.0,-0.01,-0.01,-0.01
24000.0,-0.01,-0.01,-0.01
26000.0,-0.01,-0.01,-0.00
28000.0,-0.00,-0.01,-0.00
30000.0,-0.01,-0.01,-0.00
32000.0,-0.00,-0.01,-0.00
34000.0,-0.01,-0.02,-0.00
36000.0,-0.01,-0.02,-0.00
38000.0,-0.01,-0.02,-0.00
40000.0,-0.01,-0.01,-0.00
42000.0,-0.00,-0.01,-0.00
44000.0,-0.01,-0.02,-0.00
46000.0,-0.01,-0.01,-0.00
48000.0,-0.01,-0.01,-0.00
50000.0,-0.01,-0.01,-0.00
52000.0,-0.01,-0.01,-0.00
54000.0,-0.01,-0.01,-0.00
56000.0,-0.01,-0.01,-0.00
58000.0,-0.01,-0.01,-0.00
60000.0,-0.00,-0.01,-0.00
62000.0,-0.00,-0.00,-0.00
64000.0,-0.00,-0.01,-0.00
66000.0,-0.00,-0.01,-0.00
68000.0,-0.00,-0.00,-0.00
70000.0,-0.00,-0.00,-0.00
72000.0,-0.00,-0.01,-0.00
74000.0,-0.00,-0.01,-0.00
