step,mean,ci_down,ci_up
26000.0,85.23,70.64,99.82
28000.0,89.54,75.63,103.45
30000.0,72.30,59.29,85.31
32000.0,80.23,71.60,88.86
34000.0,87.89,79.76,96.02
36000.0,82.60,73.78,91.43
38000.0,85.62,76.99,94.24
40000.0,87.48,79.99,94.96
42000.0,84.69,77.01,92.36
44000.0,90.29,83.95,96.63
46000.0,96.50,91.70,101.30
48000.0,102.76,98.72,106.79
50000.0,99.01,95.32,102.69
52000.0,100.31,96.56,104.06
54000.0,101.75,97.94,105.56
56000.0,102.15,98.25,106.05
58000.0,106.00,102.42,109.58
60000.0,98.87,93.77,103.97
62000.0,100.15,94.30,106.00
64000.0,99.07,93.04,105.09
66000.0,99.12,94.47,103.77
68000.0,99.63,95.80,103.46
70000.0,97.10,91.90,102.31
72000.0,102.03,98.10,105.96
74000.0,101.66,97.14,106.18
76000.0,99.79,96.02,103.56
78000.0,101.12,97.75,104.49
80000.0,99.31,96.83,101.80
82000.0,100.28,97.15,103.42
84000.0,103.79,99.87,107.70
86000.0,105.94,102.95,108.94
88000.0,105.61,102.61,108.61
90000.0,104.33,100.71,107.94
92000.0,105.72,102.84,108.61
94000.0,107.22,104.31,110.12
96000.0,107.71,104.39,111.02
98000.0,104.80,101.21,108.39
100000.0,103.30,100.37,106.23
