step,mean,ci_down,ci_up
0.0,3.74,2.26,5.22
2000.0,13.37,10.87,15.87
4000.0,24.44,20.95,27.94
6000.0,38.70,33.93,43.48
8000.0,51.11,46.01,56.21
10000.0,67.59,61.63,73.55
12000.0,84.30,77.89,90.70
14000.0,102.89,96.14,109.64
16000.0,119.41,112.22,126.59
18000.0,136.26,127.72,144.80
20000.0,151.41,141.91,160.90
22000.0,168.56,158.99,178.12
24000.0,186.15,176.16,196.13
26000.0,202.93,192.85,213.00
28000.0,218.96,208.07,229.85
30000.0,234.33,222.44,246.23
32000.0,251.22,238.75,263.70
34000.0,266.85,253.48,280.23
36000.0,283.00,268.91,297.09
38000.0,299.11,284.21,314.01
40000.0,315.37,299.95,330.79
42000.0,332.85,316.73,348.98
44000.0,349.67,333.66,365.67
46000.0,365.30,348.58,382.01
48000.0,381.81,364.71,398.92
50000.0,398.56,380.57,416.54
52000.0,414.96,396.44,433.49
54000.0,432.81,414.02,451.61
56000.0,450.41,430.88,469.93
58000.0,469.89,449.76,490.01
60000.0,487.85,467.34,508.37
62000.0,506.85,486.22,527.49
64000.0,524.74,504.10,545.38
66000.0,543.07,522.42,563.73
68000.0,560.85,540.39,581.31
70000.0,579.37,558.32,600.42
72000.0,596.44,575.23,617.66
74000.0,613.93,592.52,635.33
76000.0,633.41,611.22,655.59
78000.0,655.67,632.55,678.78
80000.0,674.70,651.68,697.72
82000.0,693.78,671.23,716.32
84000.0,711.67,690.52,732.81
86000.0,730.93,709.75,752.10
88000.0,747.81,727.40,768.23
90000.0,764.81,743.77,785.85
92000.0,782.85,761.99,803.72
94000.0,801.67,779.95,823.38
96000.0,819.00,796.89,841.11
