step,mean,ci_down,ci_up
10000.0,15.08,13.41,16.75
12000.0,27.20,25.12,29.29
14000.0,43.14,40.50,45.78
16000.0,59.39,56.00,62.78
18000.0,77.61,73.61,81.61
20000.0,94.43,89.50,99.36
22000.0,111.67,106.01,117.34
24000.0,127.29,120.96,133.61
26000.0,143.92,137.16,150.67
28000.0,160.96,153.40,168.52
30000.0,177.59,169.54,185.64
32000.0,194.41,185.58,203.23
34000.0,210.29,200.92,219.66
36000.0,228.37,218.49,238.25
38000.0,243.98,233.59,254.37
40000.0,260.45,250.08,270.82
42000.0,276.71,266.12,287.31
44000.0,293.90,283.30,304.50
46000.0,312.04,301.21,322.87
48000.0,329.31,318.62,339.99
50000.0,345.90,334.75,357.04
52000.0,363.65,352.31,375.00
54000.0,381.27,369.31,393.22
56000.0,399.04,386.53,411.55
58000.0,417.53,404.84,430.22
60000.0,435.31,422.21,448.41
62000.0,454.00,440.63,467.37
64000.0,472.08,458.33,485.83
66000.0,490.69,476.85,504.54
68000.0,508.53,494.48,522.59
70000.0,526.27,512.12,540.41
72000.0,544.18,530.18,558.19
74000.0,562.65,548.23,577.08
76000.0,580.90,566.19,595.61
78000.0,599.14,584.23,614.05
80000.0,618.22,603.02,633.43
82000.0,638.16,622.80,653.52
84000.0,656.18,640.99,671.38
86000.0,675.08,660.18,689.98
88000.0,692.88,678.76,706.99
90000.0,711.55,697.38,725.72
92000.0,728.61,714.53,742.70
94000.0,746.82,732.11,761.52
96000.0,765.57,750.75,780.39
98000.0,784.65,769.57,799.74
100000.0,802.71,787.44,817.99
