step,mean,ci_down,ci_up
10000.0,76.00,71.89,80.12
12000.0,162.76,156.26,169.26
14000.0,250.43,241.61,259.24
16000.0,338.63,328.66,348.60
18000.0,429.56,418.07,441.04
20000.0,524.61,510.86,538.36
22000.0,621.17,606.03,636.31
24000.0,723.14,706.74,739.53
26000.0,822.72,804.50,840.93
28000.0,923.20,903.71,942.70
30000.0,1023.94,1003.79,1044.09
32000.0,1127.58,1105.69,1149.48
34000.0,1232.06,1208.54,1255.58
36000.0,1335.35,1309.94,1360.75
38000.0,1439.66,1414.28,1465.04
40000.0,1544.33,1519.05,1569.61
42000.0,1649.31,1624.14,1674.49
44000.0,1755.56,1730.47,1780.65
46000.0,1860.15,1835.08,1885.23
48000.0,1963.87,1938.60,1989.13
50000.0,2070.94,2045.06,2096.83
52000.0,2176.82,2149.66,2203.98
54000.0,2284.03,2255.24,2312.82
56000.0,2390.78,2360.95,2420.61
58000.0,2496.78,2466.37,2527.19
60000.0,2604.13,2573.34,2634.92
62000.0,2711.06,2680.21,2741.92
64000.0,2816.43,2784.96,2847.91
66000.0,2919.00,2886.84,2951.15
68000.0,3023.72,2990.98,3056.45
70000.0,3129.97,3097.16,3162.78
72000.0,3237.06,3203.63,3270.48
74000.0,3342.78,3308.74,3376.82
76000.0,3451.22,3416.45,3485.99
78000.0,3560.69,3524.45,3596.93
80000.0,3667.40,3630.70,3704.11
82000.0,3776.58,3739.36,3813.80
84000.0,3886.76,3849.53,3923.99
86000.0,3993.75,3956.49,4031.01
88000.0,4102.57,4065.81,4139.33
90000.0,4208.61,4171.28,4245.93
92000.0,4319.67,4282.31,4357.04
94000.0,4426.92,4388.99,4464.85
96000.0,4534.23,4495.67,4572.79
98000.0,4637.93,4598.51,4677.34
100000.0,4745.11,4704.86,4785.36
