step,mean,ci_down,ci_up
0.0,-0.10,-0.12,-0.09
2000.0,-0.15,-0.17,-0.14
4000.0,-0.19,-0.21,-0.17
6000.0,-0.22,-0.24,-0.19
8000.0,-0.23,-0.25,-0.21
10000.0,-0.24,-0.27,-0.22
12000.0,-0.25,-0.28,-0.23
14000.0,-0.26,-0.29,-0.24
16000.0,-0.27,-0.30,-0.24
18000.0,-0.28,-0.30,-0.25
20000.0,-0.28,-0.31,-0.25
22000.0,-0.29,-0.32,-0.26
24000.0,-0.29,-0.32,-0.27
26000.0,-0.30,-0.33,-0.27
28000.0,-0.31,-0.34,-0.28
30000.0,-0.31,-0.34,-0.28
32000.0,-0.32,-0.35,-0.29
34000.0,-0.32,-0.35,-0.29
36000.0,-0.32,-0.36,-0.29
38000.0,-0.33,-0.36,-0.29
40000.0,-0.33,-0.36,-0.30
42000.0,-0.33,-0.37,-0.30
44000.0,-0.34,-0.37,-0.30
46000.0,-0.34,-0.37,-0.31
48000.0,-0.34,-0.38,-0.31
50000.0,-0.34,-0.38,-0.31
52000.0,-0.35,-0.38,-0.31
54000.0,-0.35,-0.39,-0.31
56000.0,-0.35,-0.39,-0.32
58000.0,-0.35,-0.39,-0.32
60000.0,-0.36,-0.39,-0.32
62000.0,-0.36,-0.40,-0.32
64000.0,-0.36,-0.40,-0.32
66000.0,-0.36,-0.40,-0.32
68000.0,-0.36,-0.40,-0.32
70000.0,-0.36,-0.40,-0.32
72000.0,-0.36,-0.40,-0.32
74000.0,-0.36,-0.40,-0.32
76000.0,-0.36,-0.40,-0.32
78000.0,-0.36,-0.40,-0.32
80000.0,-0.36,-0.40,-0.32
82000.0,-0.36,-0.40,-0.32
84000.0,-0.36,-0.40,-0.32
86000.0,-0.37,-0.41,-0.33
88000.0,-0.37,-0.41,-0.33
90000.0,-0.37,-0.41,-0.33
92000.0,-0.38,-0.42,-0.34
94000.0,-0.38,-0.42,-0.34
96000.0,-0.39,-0.43,-0.34
