step,mean,ci_down,ci_up
0.0,34.44,31.43,37.44
2000.0,55.49,51.58,59.39
4000.0,63.14,59.20,67.08
6000.0,76.00,72.57,79.43
8000.0,86.60,83.07,90.14
10000.0,87.46,83.99,90.93
12000.0,87.95,84.90,91.00
14000.0,90.84,87.79,93.89
16000.0,95.06,92.01,98.10
18000.0,96.43,93.62,99.25
20000.0,101.67,98.83,104.51
22000.0,99.37,96.22,102.53
24000.0,100.75,97.81,103.70
26000.0,100.69,97.73,103.65
28000.0,103.34,100.06,106.62
30000.0,104.18,101.05,107.32
32000.0,102.89,99.65,106.12
34000.0,103.89,100.67,107.11
36000.0,104.56,101.66,107.45
38000.0,104.79,101.49,108.10
40000.0,106.08,102.73,109.43
42000.0,104.42,101.15,107.70
44000.0,103.62,100.32,106.92
46000.0,106.81,103.88,109.73
48000.0,105.78,102.56,109.00
50000.0,107.39,104.49,110.29
52000.0,106.72,103.79,109.65
54000.0,105.73,102.67,108.79
56000.0,107.27,104.36,110.18
58000.0,107.04,103.99,110.10
60000.0,105.27,102.04,108.51
62000.0,102.76,99.99,105.54
64000.0,104.66,101.79,107.53
66000.0,106.19,103.41,108.96
68000.0,106.94,104.35,109.53
70000.0,105.43,102.55,108.31
72000.0,108.51,105.68,111.33
74000.0,109.45,106.57,112.33
76000.0,106.84,103.82,109.86
78000.0,109.53,106.26,112.80
80000.0,110.30,107.78,112.82
82000.0,107.22,104.48,109.96
84000.0,108.74,105.60,111.87
86000.0,106.14,102.86,109.42
88000.0,110.60,107.42,113.77
90000.0,106.97,103.52,110.43
92000.0,107.63,104.22,111.04
94000.0,104.22,101.08,107.37
96000.0,107.65,103.98,111.32
