step,mean,ci_down,ci_up
0.0,3.74,2.50,4.98
2000.0,9.26,8.19,10.32
4000.0,11.39,10.08,12.70
6000.0,15.08,13.69,16.47
8000.0,12.08,10.99,13.17
10000.0,15.90,14.48,17.32
12000.0,16.18,14.78,17.58
14000.0,18.02,16.56,19.48
16000.0,16.70,15.19,18.21
18000.0,17.34,16.01,18.67
20000.0,15.80,14.38,17.22
22000.0,16.62,15.24,18.00
24000.0,17.12,15.53,18.71
26000.0,16.72,15.34,18.10
28000.0,16.94,15.39,18.49
30000.0,16.10,14.63,17.57
32000.0,18.26,16.83,19.69
34000.0,15.76,14.33,17.19
36000.0,16.74,15.24,18.24
38000.0,16.44,14.99,17.89
40000.0,17.36,15.90,18.82
42000.0,18.44,17.02,19.86
44000.0,17.32,15.66,18.98
46000.0,16.78,15.57,17.99
48000.0,17.62,16.25,18.99
50000.0,17.48,16.09,18.87
52000.0,17.78,16.47,19.09
54000.0,18.42,16.94,19.90
56000.0,17.80,16.41,19.19
58000.0,18.64,17.23,20.05
60000.0,17.90,16.51,19.29
62000.0,18.52,17.26,19.78
64000.0,18.02,16.61,19.43
66000.0,17.78,16.59,18.97
68000.0,18.04,16.89,19.19
70000.0,18.52,17.08,19.96
72000.0,18.32,16.98,19.66
74000.0,18.34,17.05,19.63
76000.0,18.98,17.68,20.28
78000.0,19.90,18.19,21.61
80000.0,17.90,16.36,19.44
82000.0,18.82,17.37,20.27
84000.0,18.10,16.58,19.62
86000.0,18.60,17.06,20.14
88000.0,17.12,15.77,18.47
90000.0,18.26,16.60,19.92
92000.0,18.60,17.08,20.12
94000.0,18.86,17.26,20.46
96000.0,17.92,16.67,19.17
