step,mean,ci_down,ci_up
0.0,-0.09,-0.14,-0.04
2000.0,-0.15,-0.21,-0.08
4000.0,-0.18,-0.26,-0.10
6000.0,-0.22,-0.28,-0.15
8000.0,-0.24,-0.30,-0.17
10000.0,-0.25,-0.31,-0.18
12000.0,-0.25,-0.32,-0.18
14000.0,-0.26,-0.33,-0.19
16000.0,-0.28,-0.35,-0.20
18000.0,-0.28,-0.35,-0.21
20000.0,-0.29,-0.36,-0.22
22000.0,-0.30,-0.38,-0.22
24000.0,-0.33,-0.43,-0.22
26000.0,-0.35,-0.47,-0.23
28000.0,-0.41,-0.56,-0.25
30000.0,-0.46,-0.63,-0.29
32000.0,-0.50,-0.69,-0.31
34000.0,-0.52,-0.72,-0.32
36000.0,-0.56,-0.77,-0.34
38000.0,-0.58,-0.80,-0.35
40000.0,-0.59,-0.81,-0.37
42000.0,-0.60,-0.82,-0.38
44000.0,-0.61,-0.83,-0.38
46000.0,-0.61,-0.83,-0.38
48000.0,-0.62,-0.84,-0.39
50000.0,-0.62,-0.85,-0.40
52000.0,-0.63,-0.85,-0.40
54000.0,-0.63,-0.85,-0.41
56000.0,-0.63,-0.85,-0.42
58000.0,-0.64,-0.86,-0.42
60000.0,-0.64,-0.86,-0.42
62000.0,-0.64,-0.87,-0.42
64000.0,-0.65,-0.87,-0.42
66000.0,-0.65,-0.88,-0.42
68000.0,-0.67,-0.88,-0.46
70000.0,-0.68,-0.89,-0.47
72000.0,-0.69,-0.89,-0.49
74000.0,-0.70,-0.90,-0.50
76000.0,-0.70,-0.90,-0.50
78000.0,-0.71,-0.90,-0.51
80000.0,-0.71,-0.90,-0.51
82000.0,-0.71,-0.90,-0.51
84000.0,-0.71,-0.91,-0.51
86000.0,-0.72,-0.92,-0.51
88000.0,-0.72,-0.92,-0.51
90000.0,-0.72,-0.93,-0.51
92000.0,-0.72,-0.94,-0.51
94000.0,-0.73,-0.94,-0.51
96000.0,-0.73,-0.95,-0.51
