step,mean,ci_down,ci_up
10000.0,79.66,68.25,91.06
12000.0,169.09,149.99,188.20
14000.0,267.66,244.79,290.53
16000.0,365.87,333.09,398.66
18000.0,459.83,418.41,501.25
20000.0,549.27,502.97,595.57
22000.0,643.80,588.43,699.16
24000.0,729.45,665.10,793.80
26000.0,813.23,736.74,889.73
28000.0,901.36,815.72,987.00
30000.0,982.69,900.51,1064.87
32000.0,1057.51,963.94,1151.08
34000.0,1126.70,1027.57,1225.83
36000.0,1203.01,1096.74,1309.28
38000.0,1293.22,1181.43,1405.01
40000.0,1374.36,1261.22,1487.49
42000.0,1463.49,1341.39,1585.58
44000.0,1559.72,1435.91,1683.52
46000.0,1659.19,1531.78,1786.59
48000.0,1759.99,1626.45,1893.53
50000.0,1858.11,1718.70,1997.52
52000.0,1953.41,1806.88,2099.94
54000.0,2051.42,1900.40,2202.45
56000.0,2149.05,1995.31,2302.79
58000.0,2245.02,2090.28,2399.76
60000.0,2343.06,2189.31,2496.80
62000.0,2437.55,2282.13,2592.97
64000.0,2545.19,2391.59,2698.79
66000.0,2646.08,2492.63,2799.53
68000.0,2753.70,2598.16,2909.24
70000.0,2855.59,2698.79,3012.39
72000.0,2954.36,2803.40,3105.31
74000.0,3053.99,2905.29,3202.69
76000.0,3153.13,3008.44,3297.82
78000.0,3249.37,3105.25,3393.50
80000.0,3346.10,3201.07,3491.14
82000.0,3442.68,3298.63,3586.73
84000.0,3549.03,3403.90,3694.17
86000.0,3660.20,3515.13,3805.27
88000.0,3768.19,3622.96,3913.42
90000.0,3879.10,3732.87,4025.34
92000.0,3989.56,3842.44,4136.67
94000.0,4093.69,3949.12,4238.27
96000.0,4194.61,4051.72,4337.50
98000.0,4303.39,4157.36,4449.41
100000.0,4403.51,4257.56,4549.46
