step,mean,ci_down,ci_up
0.0,14.44,10.91,17.98
2000.0,12.56,10.97,14.14
4000.0,12.11,9.08,15.14
6000.0,11.64,9.30,13.97
8000.0,15.18,11.58,18.78
10000.0,18.09,14.66,21.52
12000.0,15.09,12.16,18.02
14000.0,14.67,11.93,17.40
16000.0,14.23,11.17,17.29
18000.0,13.76,10.58,16.95
20000.0,12.95,10.92,14.98
22000.0,17.14,14.79,19.50
24000.0,13.00,10.42,15.58
26000.0,13.44,11.70,15.19
28000.0,14.69,12.74,16.64
30000.0,14.33,12.45,16.22
32000.0,15.27,13.62,16.92
34000.0,14.39,13.18,15.61
36000.0,16.08,14.52,17.63
38000.0,15.55,14.17,16.94
40000.0,15.97,14.22,17.73
42000.0,16.61,15.14,18.07
44000.0,17.76,16.03,19.50
46000.0,16.64,14.81,18.47
48000.0,17.13,15.31,18.94
50000.0,17.72,16.02,19.42
52000.0,17.57,15.89,19.26
54000.0,15.64,13.95,17.34
56000.0,15.81,14.38,17.23
58000.0,16.62,15.03,18.21
60000.0,18.36,17.01,19.70
62000.0,16.91,15.23,18.59
64000.0,16.84,15.47,18.21
66000.0,17.98,16.09,19.87
68000.0,16.55,14.84,18.25
70000.0,18.77,17.32,20.23
72000.0,16.57,15.09,18.04
74000.0,17.23,15.65,18.80
76000.0,17.14,15.56,18.71
78000.0,16.61,14.96,18.26
80000.0,16.50,15.03,17.97
82000.0,16.68,15.04,18.32
84000.0,16.33,14.59,18.07
86000.0,16.74,15.41,18.08
88000.0,16.42,15.10,17.73
90000.0,18.81,17.10,20.52
