step,mean,ci_down,ci_up
4000.0,-0.10,-0.12,-0.08
6000.0,-0.08,-0.10,-0.06
8000.0,-0.12,-0.14,-0.11
10000.0,-0.16,-0.19,-0.14
12000.0,-0.19,-0.22,-0.16
14000.0,-0.21,-0.24,-0.18
16000.0,-0.23,-0.27,-0.20
18000.0,-0.25,-0.28,-0.22
20000.0,-0.27,-0.30,-0.24
22000.0,-0.29,-0.32,-0.25
24000.0,-0.30,-0.34,-0.26
26000.0,-0.32,-0.36,-0.28
28000.0,-0.33,-0.38,-0.29
30000.0,-0.35,-0.39,-0.30
32000.0,-0.36,-0.40,-0.31
34000.0,-0.37,-0.41,-0.32
36000.0,-0.37,-0.42,-0.32
38000.0,-0.38,-0.44,-0.32
40000.0,-0.39,-0.45,-0.33
42000.0,-0.40,-0.46,-0.34
44000.0,-0.41,-0.47,-0.34
46000.0,-0.42,-0.49,-0.35
48000.0,-0.43,-0.51,-0.36
50000.0,-0.44,-0.51,-0.36
52000.0,-0.45,-0.52,-0.37
54000.0,-0.45,-0.53,-0.37
56000.0,-0.46,-0.55,-0.38
58000.0,-0.47,-0.55,-0.38
60000.0,-0.48,-0.56,-0.39
62000.0,-0.49,-0.58,-0.39
64000.0,-0.49,-0.59,-0.40
66000.0,-0.50,-0.60,-0.40
68000.0,-0.50,-0.60,-0.41
70000.0,-0.51,-0.61,-0.41
72000.0,-0.52,-0.62,-0.41
74000.0,-0.52,-0.63,-0.41
76000.0,-0.53,-0.64,-0.42
78000.0,-0.53,-0.64,-0.42
80000.0,-0.53,-0.65,-0.42
82000.0,-0.54,-0.65,-0.42
84000.0,-0.54,-0.66,-0.43
86000.0,-0.55,-0.67,-0.43
88000.0,-0.56,-0.68,-0.43
90000.0,-0.57,-0.69,-0.44
92000.0,-0.57,-0.70,-0.44
94000.0,-0.58,-0.71,-0.44
96000.0,-0.58,-0.72,-0.45
98000.0,-0.59,-0.73,-0.45
100000.0,-0.59,-0.73,-0.45
