step,mean,ci_down,ci_up
4000.0,31.46,27.45,35.46
6000.0,46.04,35.76,56.32
8000.0,57.83,48.76,66.89
10000.0,65.35,60.41,70.30
12000.0,75.77,68.04,83.50
14000.0,77.35,71.65,83.04
16000.0,84.67,72.08,97.26
18000.0,85.77,75.36,96.17
20000.0,75.62,69.08,82.15
22000.0,83.77,73.16,94.38
24000.0,91.36,80.50,102.23
26000.0,79.15,71.51,86.79
28000.0,85.37,76.62,94.12
30000.0,90.46,78.18,102.74
32000.0,90.42,83.57,97.27
34000.0,90.10,85.11,95.09
36000.0,98.44,90.41,106.46
38000.0,96.27,91.13,101.41
40000.0,89.10,79.60,98.60
42000.0,94.82,83.40,106.24
44000.0,97.30,85.09,109.52
46000.0,94.38,84.33,104.43
48000.0,91.66,84.73,98.59
50000.0,95.79,89.27,102.31
52000.0,96.56,88.13,104.99
54000.0,104.04,97.76,110.33
56000.0,104.23,95.90,112.57
58000.0,102.99,94.28,111.70
60000.0,96.26,89.00,103.53
62000.0,94.35,85.92,102.79
64000.0,94.13,84.47,103.79
66000.0,96.22,86.37,106.06
68000.0,96.86,89.38,104.33
70000.0,97.62,93.22,102.02
72000.0,99.21,87.51,110.91
74000.0,102.63,95.02,110.23
76000.0,98.15,90.05,106.24
78000.0,100.17,92.40,107.94
80000.0,104.25,94.47,114.02
82000.0,100.16,95.36,104.96
84000.0,100.56,91.03,110.10
86000.0,100.54,92.76,108.32
88000.0,92.79,86.36,99.21
90000.0,93.94,86.36,101.52
92000.0,93.09,86.66,99.53
94000.0,95.13,84.81,105.44
96000.0,94.61,84.08,105.15
98000.0,95.13,87.30,102.96
100000.0,99.64,85.29,113.99
