step,mean,ci_down,ci_up
1500.0,-11.42,-12.76,-10.07
1550.0,-24.00,-26.63,-21.37
1600.0,-35.50,-38.81,-32.18
1650.0,-50.55,-56.38,-44.73
1700.0,-65.18,-73.81,-56.56
1750.0,-75.35,-84.17,-66.53
1800.0,-82.77,-91.61,-73.93
1850.0,-90.87,-100.28,-81.46
1900.0,-99.04,-108.83,-89.24
1950.0,-102.99,-112.88,-93.10
2000.0,-107.03,-117.28,-96.78
2050.0,-112.41,-123.46,-101.36
2100.0,-114.50,-126.24,-102.75
2150.0,-114.26,-126.46,-102.06
2200.0,-115.58,-129.02,-102.15
2250.0,-111.57,-125.49,-97.65
2300.0,-104.67,-119.46,-89.87
2350.0,-96.23,-111.23,-81.24
2400.0,-86.32,-101.55,-71.09
2450.0,-73.91,-89.19,-58.64
2500.0,-61.57,-76.99,-46.15
2550.0,-49.45,-65.23,-33.67
2600.0,-35.71,-51.56,-19.87
2650.0,-22.46,-38.39,-6.54
2700.0,-8.13,-24.09,7.83
2750.0,4.46,-11.64,20.56
2800.0,17.53,1.21,33.84
2850.0,31.46,15.02,47.90
2900.0,44.76,28.13,61.40
2950.0,59.90,43.20,76.60
3000.0,73.99,57.04,90.95
3050.0,89.10,71.60,106.60
3100.0,103.45,85.82,121.09
3150.0,118.77,100.94,136.59
3200.0,133.46,115.52,151.39
3250.0,149.37,131.40,167.33
3300.0,164.16,145.93,182.39
3350.0,179.05,160.73,197.37
3400.0,194.76,176.35,213.17
3450.0,209.16,190.49,227.82
3500.0,225.43,206.69,244.16
3550.0,239.89,220.86,258.93
3600.0,254.87,235.39,274.36
3650.0,270.76,250.55,290.96
3700.0,286.98,266.69,307.27
3750.0,303.37,283.04,323.70
3800.0,320.43,300.07,340.78
3850.0,336.51,316.12,356.90
3900.0,353.21,332.81,373.61
3950.0,369.55,349.10,390.00
4000.0,385.61,365.07,406.15
4050.0,401.07,380.39,421.74
4100.0,417.29,396.55,438.04
4150.0,434.22,413.46,454.99
4200.0,447.65,426.30,469.01
4250.0,464.86,443.49,486.23
4300.0,482.06,460.67,503.45
4350.0,499.30,477.89,520.71
4400.0,515.90,494.47,537.33
4450.0,533.21,511.77,554.64
4500.0,549.51,527.98,571.04
4550.0,566.86,545.32,588.40
4600.0,583.86,562.29,605.42
4650.0,600.97,579.39,622.55
4700.0,618.47,596.88,640.06
4750.0,635.92,614.32,657.52
4800.0,653.44,631.82,675.05
4850.0,670.42,648.77,692.06
4900.0,685.18,663.29,707.08
4950.0,702.36,680.45,724.26
5000.0,719.35,697.41,741.30
5050.0,736.92,714.95,758.88
5100.0,754.54,732.56,776.52
5150.0,772.16,750.16,794.16
5200.0,789.77,767.75,811.79
5250.0,807.47,785.42,829.51
5300.0,824.98,802.92,847.04
5350.0,842.70,820.62,864.77
5400.0,860.43,838.33,882.52
5450.0,878.17,856.06,900.28
5500.0,894.07,871.45,916.69
5550.0,911.87,889.24,934.51
5600.0,929.74,907.09,952.39
5650.0,947.23,924.55,969.90
5700.0,965.09,942.40,987.78
5750.0,982.94,960.23,1005.65
5800.0,999.16,976.20,1022.11
5850.0,1017.04,994.08,1040.00
5900.0,1034.92,1011.95,1057.89
5950.0,1052.80,1029.81,1075.79
6000.0,1069.81,1046.75,1092.86
6050.0,1087.72,1064.65,1110.78
6100.0,1105.14,1082.05,1128.23
6150.0,1123.11,1100.01,1146.21
6200.0,1141.07,1117.95,1164.19
6250.0,1159.07,1135.94,1182.20
6300.0,1176.40,1153.10,1199.70
6350.0,1193.93,1170.46,1217.40
6400.0,1212.03,1188.54,1235.51
6450.0,1230.11,1206.61,1253.60
6500.0,1247.83,1224.31,1271.35
6550.0,1265.91,1242.38,1289.44
6600.0,1284.01,1260.46,1307.55
6650.0,1302.12,1278.56,1325.68
6700.0,1320.27,1296.70,1343.85
6750.0,1338.34,1314.75,1361.93
6800.0,1356.47,1332.86,1380.07
6850.0,1374.61,1350.99,1398.23
6900.0,1392.77,1369.13,1416.40
6950.0,1410.91,1387.25,1434.56
7000.0,1429.14,1405.47,1452.80
7050.0,1447.36,1423.68,1471.03
7100.0,1465.59,1441.90,1489.28
7150.0,1483.84,1460.13,1507.54
7200.0,1502.07,1478.35,1525.79
7250.0,1520.33,1496.60,1544.07
7300.0,1538.58,1514.83,1562.33
7350.0,1556.81,1533.05,1580.58
7400.0,1575.06,1551.28,1598.84
7450.0,1593.32,1569.53,1617.12
7500.0,1611.60,1587.80,1635.41
7550.0,1629.88,1606.06,1653.70
7600.0,1648.16,1624.33,1671.99
7650.0,1666.44,1642.59,1690.28
7700.0,1684.73,1660.87,1708.59
7750.0,1703.04,1679.17,1726.91
7800.0,1721.35,1697.47,1745.23
7850.0,1739.67,1715.78,1763.57
7900.0,1758.00,1734.09,1781.90
7950.0,1776.31,1752.39,1800.22
8000.0,1794.63,1770.70,1818.56
