step,mean,ci_down,ci_up
0.0,-638.42,-706.78,-570.07
50.0,-882.11,-963.67,-800.56
100.0,-1014.82,-1101.81,-927.83
150.0,-1097.75,-1187.85,-1007.65
200.0,-1154.67,-1245.89,-1063.45
250.0,-1221.55,-1314.76,-1128.35
300.0,-1272.12,-1366.88,-1177.35
350.0,-1344.84,-1440.78,-1248.90
400.0,-1390.82,-1487.58,-1294.05
450.0,-1427.87,-1525.86,-1329.87
500.0,-1474.11,-1573.51,-1374.72
550.0,-1510.21,-1609.76,-1410.67
600.0,-1539.09,-1640.17,-1438.01
650.0,-1567.81,-1669.35,-1466.27
700.0,-1594.40,-1698.02,-1490.79
750.0,-1613.56,-1717.81,-1509.30
800.0,-1633.49,-1737.87,-1529.10
850.0,-1648.48,-1752.80,-1544.17
900.0,-1661.92,-1766.28,-1557.56
950.0,-1676.49,-1780.96,-1572.02
1000.0,-1699.02,-1804.87,-1593.18
1050.0,-1717.17,-1822.99,-1611.36
1100.0,-1734.00,-1839.74,-1628.26
1150.0,-1748.34,-1853.94,-1642.73
1200.0,-1774.14,-1880.33,-1667.95
1250.0,-1786.16,-1892.55,-1679.76
1300.0,-1808.98,-1916.04,-1701.92
1350.0,-1821.24,-1928.36,-1714.11
1400.0,-1838.53,-1945.65,-1731.42
1450.0,-1850.09,-1957.27,-1742.91
1500.0,-1863.25,-1970.47,-1756.03
1550.0,-1874.91,-1982.14,-1767.69
1600.0,-1890.38,-1997.84,-1782.92
1650.0,-1906.66,-2014.32,-1799.00
1700.0,-1916.41,-2024.11,-1808.71
1750.0,-1923.76,-2031.46,-1816.07
1800.0,-1930.72,-2038.43,-1823.01
1850.0,-1941.26,-2049.28,-1833.24
1900.0,-1944.55,-2052.63,-1836.47
1950.0,-1946.36,-2054.48,-1838.24
2000.0,-1954.37,-2062.78,-1845.96
2050.0,-1954.45,-2063.09,-1845.81
2100.0,-1953.60,-2062.15,-1845.05
2150.0,-1959.06,-2067.91,-1850.21
2200.0,-1955.52,-2064.80,-1846.24
2250.0,-1949.31,-2059.24,-1839.38
2300.0,-1939.62,-2049.54,-1829.71
2350.0,-1930.47,-2040.52,-1820.42
2400.0,-1917.41,-2027.47,-1807.34
2450.0,-1906.00,-2016.33,-1795.68
2500.0,-1892.59,-2003.03,-1782.16
2550.0,-1879.42,-1989.90,-1768.94
2600.0,-1866.84,-1977.23,-1756.46
2650.0,-1852.57,-1962.97,-1742.16
2700.0,-1839.42,-1950.03,-1728.81
2750.0,-1824.39,-1934.96,-1713.81
2800.0,-1810.11,-1920.75,-1699.47
2850.0,-1797.37,-1908.02,-1686.73
2900.0,-1781.37,-1892.03,-1670.72
2950.0,-1766.42,-1877.04,-1655.80
3000.0,-1752.66,-1863.59,-1641.72
3050.0,-1737.42,-1848.45,-1626.40
3100.0,-1721.26,-1832.32,-1610.20
3150.0,-1707.20,-1818.34,-1596.05
3200.0,-1692.02,-1803.19,-1580.86
3250.0,-1676.45,-1787.65,-1565.26
3300.0,-1661.00,-1772.19,-1549.82
3350.0,-1645.32,-1756.53,-1534.12
3400.0,-1629.10,-1740.39,-1517.82
3450.0,-1613.32,-1724.81,-1501.84
3500.0,-1599.49,-1711.33,-1487.66
3550.0,-1586.16,-1698.41,-1473.90
3600.0,-1571.57,-1684.53,-1458.62
3650.0,-1554.52,-1667.50,-1441.55
3700.0,-1537.53,-1650.52,-1424.55
3750.0,-1520.41,-1633.40,-1407.43
3800.0,-1504.42,-1617.63,-1391.21
3850.0,-1487.63,-1600.84,-1374.42
3900.0,-1470.54,-1583.77,-1357.31
3950.0,-1455.67,-1568.92,-1342.41
4000.0,-1442.17,-1555.53,-1328.81
4050.0,-1426.10,-1539.47,-1312.74
4100.0,-1408.95,-1522.32,-1295.58
4150.0,-1395.77,-1509.34,-1282.20
4200.0,-1378.68,-1492.27,-1265.10
4250.0,-1361.56,-1475.17,-1247.96
4300.0,-1344.35,-1457.97,-1230.73
4350.0,-1328.31,-1442.01,-1214.61
4400.0,-1311.06,-1424.77,-1197.34
4450.0,-1294.73,-1408.51,-1180.96
4500.0,-1277.42,-1391.20,-1163.63
4550.0,-1260.49,-1374.25,-1146.72
4600.0,-1243.87,-1357.69,-1130.04
4650.0,-1226.48,-1340.31,-1112.65
4700.0,-1209.10,-1322.94,-1095.26
4750.0,-1191.65,-1305.50,-1077.80
4800.0,-1174.30,-1288.17,-1060.44
4850.0,-1156.92,-1270.79,-1043.05
4900.0,-1140.18,-1254.12,-1026.23
4950.0,-1123.95,-1237.85,-1010.04
5000.0,-1106.50,-1220.42,-992.58
5050.0,-1089.02,-1202.94,-975.10
5100.0,-1071.54,-1185.47,-957.60
5150.0,-1054.05,-1168.00,-940.10
5200.0,-1036.47,-1150.44,-922.51
5250.0,-1018.80,-1132.78,-904.81
5300.0,-1001.12,-1115.12,-887.11
5350.0,-983.44,-1097.46,-869.41
5400.0,-965.76,-1079.80,-851.72
5450.0,-948.01,-1062.07,-833.96
5500.0,-930.27,-1044.33,-816.21
5550.0,-912.49,-1026.57,-798.42
5600.0,-895.57,-1009.66,-781.49
5650.0,-877.79,-991.88,-763.71
5700.0,-859.98,-974.07,-745.89
5750.0,-845.74,-960.18,-731.29
5800.0,-827.92,-942.37,-713.48
5850.0,-810.15,-924.59,-695.70
5900.0,-792.30,-906.76,-677.85
5950.0,-776.35,-890.81,-661.90
6000.0,-758.51,-872.98,-644.05
6050.0,-741.73,-856.20,-627.27
6100.0,-723.79,-838.26,-609.31
6150.0,-705.88,-820.37,-591.39
6200.0,-687.87,-802.37,-573.38
6250.0,-671.35,-785.95,-556.75
6300.0,-654.43,-769.15,-539.71
6350.0,-636.36,-751.08,-521.63
6400.0,-618.28,-733.02,-503.55
6450.0,-600.21,-714.95,-485.47
6500.0,-582.10,-696.84,-467.36
6550.0,-564.00,-678.74,-449.25
6600.0,-545.86,-660.60,-431.11
6650.0,-527.68,-642.43,-412.93
6700.0,-509.48,-624.23,-394.72
6750.0,-491.31,-606.06,-376.55
6800.0,-473.13,-587.90,-358.37
6850.0,-454.96,-569.73,-340.19
6900.0,-436.79,-551.56,-322.02
6950.0,-418.55,-533.33,-303.77
7000.0,-400.31,-515.10,-285.53
7050.0,-382.07,-496.86,-267.28
7100.0,-363.83,-478.63,-249.04
7150.0,-345.60,-460.39,-230.80
7200.0,-327.36,-442.16,-212.55
7250.0,-309.12,-423.93,-194.31
7300.0,-290.88,-405.70,-176.07
7350.0,-272.64,-387.46,-157.82
7400.0,-254.37,-369.20,-139.55
7450.0,-236.10,-350.93,-121.27
7500.0,-217.83,-332.67,-102.99
7550.0,-199.56,-314.41,-84.71
7600.0,-181.29,-296.14,-66.43
7650.0,-163.02,-277.88,-48.15
7700.0,-144.74,-259.61,-29.87
7750.0,-126.47,-241.35,-11.60
7800.0,-108.17,-223.05,6.72
7850.0,-89.90,-204.79,24.99
7900.0,-71.63,-186.53,43.27
7950.0,-53.32,-168.23,61.58
