step,mean,ci_down,ci_up
1500.0,199.20,198.20,200.20
1550.0,396.56,394.92,398.21
1600.0,591.91,589.42,594.40
1650.0,785.21,782.07,788.34
1700.0,974.69,970.74,978.64
1750.0,1163.54,1158.67,1168.40
1800.0,1348.40,1342.40,1354.39
1850.0,1526.34,1519.51,1533.18
1900.0,1697.71,1689.59,1705.84
1950.0,1858.13,1848.89,1867.37
2000.0,2010.62,1999.78,2021.47
2050.0,2156.16,2143.83,2168.48
2100.0,2288.46,2275.27,2301.64
2150.0,2409.02,2394.85,2423.20
2200.0,2517.49,2502.49,2532.49
2250.0,2612.87,2597.37,2628.38
2300.0,2696.91,2680.35,2713.47
2350.0,2769.48,2752.02,2786.94
2400.0,2832.91,2815.06,2850.76
2450.0,2889.68,2871.04,2908.32
2500.0,2941.34,2922.08,2960.60
2550.0,2988.83,2968.64,3009.02
2600.0,3033.26,3012.42,3054.10
2650.0,3075.86,3054.84,3096.88
2700.0,3117.06,3095.77,3138.35
2750.0,3156.59,3135.23,3177.95
2800.0,3194.29,3172.67,3215.90
2850.0,3231.76,3210.01,3253.50
2900.0,3267.96,3246.03,3289.90
2950.0,3303.25,3281.03,3325.47
3000.0,3338.28,3315.96,3360.60
3050.0,3372.14,3349.65,3394.63
3100.0,3405.71,3382.89,3428.53
3150.0,3439.05,3415.71,3462.38
3200.0,3471.49,3447.92,3495.06
3250.0,3503.94,3480.13,3527.74
3300.0,3536.05,3512.07,3560.02
3350.0,3567.71,3543.46,3591.96
3400.0,3598.70,3574.10,3623.31
3450.0,3629.20,3604.34,3654.06
3500.0,3659.05,3633.85,3684.25
3550.0,3688.08,3662.66,3713.51
3600.0,3716.50,3690.87,3742.13
3650.0,3745.02,3719.05,3770.99
3700.0,3773.26,3746.92,3799.60
3750.0,3801.68,3775.04,3828.32
3800.0,3830.10,3803.08,3857.12
3850.0,3858.35,3831.17,3885.53
3900.0,3886.67,3859.31,3914.04
3950.0,3914.95,3887.34,3942.57
4000.0,3943.11,3915.26,3970.97
4050.0,3970.67,3942.66,3998.67
4100.0,3998.19,3969.96,4026.43
4150.0,4025.77,3997.34,4054.21
4200.0,4053.16,4024.54,4081.79
4250.0,4080.60,4051.77,4109.44
4300.0,4108.14,4078.99,4137.30
4350.0,4135.39,4105.90,4164.88
4400.0,4162.45,4132.83,4192.07
4450.0,4189.30,4159.57,4219.03
4500.0,4215.59,4185.76,4245.43
4550.0,4242.15,4212.14,4272.16
4600.0,4268.07,4237.83,4298.31
4650.0,4293.97,4263.58,4324.36
4700.0,4319.55,4289.00,4350.10
4750.0,4345.43,4314.60,4376.25
4800.0,4370.91,4339.77,4402.05
4850.0,4396.69,4365.18,4428.20
4900.0,4422.33,4390.55,4454.11
4950.0,4448.11,4416.33,4479.89
5000.0,4473.49,4441.64,4505.34
5050.0,4498.59,4466.60,4530.57
5100.0,4523.38,4491.28,4555.49
5150.0,4548.18,4515.83,4580.53
5200.0,4573.08,4540.47,4605.68
5250.0,4597.38,4564.54,4630.22
5300.0,4621.51,4588.48,4654.54
5350.0,4645.72,4612.46,4678.99
5400.0,4669.84,4636.30,4703.37
5450.0,4693.85,4660.01,4727.69
5500.0,4717.60,4683.44,4751.76
5550.0,4741.22,4707.00,4775.44
5600.0,4764.45,4730.14,4798.75
5650.0,4787.48,4753.06,4821.90
5700.0,4810.71,4776.19,4845.23
5750.0,4834.04,4799.38,4868.70
5800.0,4857.21,4822.46,4891.96
5850.0,4880.34,4845.59,4915.10
5900.0,4903.47,4868.68,4938.27
5950.0,4926.61,4891.75,4961.46
6000.0,4949.65,4914.76,4984.55
6050.0,4972.59,4937.62,5007.56
6100.0,4995.43,4960.35,5030.50
6150.0,5017.97,4982.77,5053.17
6200.0,5040.61,5005.25,5075.98
6250.0,5062.96,5027.43,5098.50
6300.0,5085.12,5049.39,5120.84
6350.0,5107.07,5071.19,5142.95
6400.0,5128.83,5092.79,5164.87
6450.0,5150.69,5114.47,5186.91
6500.0,5172.55,5136.13,5208.97
6550.0,5194.41,5157.77,5231.05
6600.0,5216.17,5179.30,5253.04
6650.0,5237.84,5200.74,5274.93
6700.0,5259.21,5221.90,5296.51
6750.0,5280.48,5242.98,5317.99
6800.0,5302.05,5264.29,5339.81
6850.0,5323.52,5285.51,5361.53
6900.0,5344.89,5306.63,5383.15
6950.0,5366.36,5327.83,5404.89
7000.0,5387.24,5348.54,5425.94
7050.0,5408.22,5369.33,5447.11
7100.0,5429.10,5390.03,5468.17
7150.0,5449.88,5410.64,5489.12
7200.0,5470.76,5431.33,5510.20
7250.0,5491.45,5451.86,5531.04
7300.0,5512.23,5472.45,5552.01
7350.0,5533.11,5493.12,5573.11
7400.0,5553.90,5513.70,5594.09
7450.0,5574.58,5534.20,5614.96
7500.0,5595.17,5554.63,5635.71
7550.0,5615.76,5575.04,5656.47
7600.0,5636.34,5595.46,5677.22
7650.0,5656.93,5615.87,5697.99
7700.0,5677.42,5636.21,5718.63
7750.0,5697.81,5656.47,5739.15
7800.0,5718.20,5676.73,5759.68
7850.0,5738.50,5696.92,5780.07
7900.0,5758.79,5717.11,5800.47
7950.0,5779.18,5737.37,5821.00
8000.0,5799.48,5757.56,5841.40
