step,mean,ci_down,ci_up
0.0,143.95,138.93,148.98
50.0,177.14,173.84,180.44
100.0,187.63,185.13,190.13
150.0,190.34,188.13,192.54
200.0,192.03,189.98,194.08
250.0,193.01,191.05,194.96
300.0,195.03,193.33,196.73
350.0,192.07,190.05,194.10
400.0,194.92,193.23,196.61
450.0,197.14,195.76,198.51
500.0,194.91,193.25,196.57
550.0,196.68,195.26,198.11
600.0,198.63,197.52,199.73
650.0,199.03,197.97,200.09
700.0,199.24,198.24,200.25
750.0,199.70,198.78,200.62
800.0,200.24,199.41,201.06
850.0,200.39,199.59,201.18
900.0,201.05,200.46,201.64
950.0,199.79,198.88,200.69
1000.0,200.48,199.73,201.22
1050.0,200.19,199.39,200.99
1100.0,199.95,199.09,200.80
1150.0,200.14,199.32,200.97
1200.0,199.37,198.40,200.34
1250.0,199.70,198.82,200.58
1300.0,199.33,198.37,200.29
1350.0,198.85,197.78,199.91
1400.0,199.39,198.43,200.36
1450.0,199.20,198.20,200.20
1500.0,197.38,196.08,198.67
1550.0,195.37,193.82,196.92
1600.0,193.35,191.59,195.11
1650.0,189.61,187.53,191.68
1700.0,188.98,186.84,191.11
1750.0,184.94,182.52,187.35
1800.0,177.85,175.04,180.66
1850.0,171.47,168.38,174.57
1900.0,160.51,157.03,163.98
1950.0,152.82,149.14,156.49
2000.0,145.69,141.87,149.51
2050.0,132.27,128.25,136.28
2100.0,120.77,116.66,124.87
2150.0,108.52,104.41,112.64
2200.0,95.59,91.53,99.65
2250.0,84.34,80.40,88.28
2300.0,72.58,68.85,76.31
2350.0,63.73,60.22,67.24
2400.0,57.31,53.99,60.63
2450.0,52.02,48.89,55.15
2500.0,47.87,44.91,50.84
2550.0,44.69,41.88,47.51
2600.0,42.48,39.79,45.18
2650.0,41.19,38.56,43.82
2700.0,39.64,37.10,42.18
2750.0,37.65,35.23,40.07
2800.0,37.39,34.99,39.80
2850.0,36.25,33.92,38.58
2900.0,35.44,33.17,37.72
2950.0,35.09,32.84,37.34
3000.0,33.95,31.78,36.13
3050.0,33.65,31.50,35.80
3100.0,33.43,31.30,35.56
3150.0,32.48,30.42,34.54
3200.0,32.55,30.49,34.62
3250.0,32.22,30.19,34.26
3300.0,31.69,29.70,33.69
3350.0,31.05,29.10,32.99
3400.0,30.56,28.66,32.46
3450.0,29.85,28.01,31.69
3500.0,28.97,27.21,30.73
3550.0,28.37,26.67,30.07
3600.0,28.38,26.68,30.08
3650.0,28.20,26.51,29.88
3700.0,28.18,26.49,29.86
3750.0,28.18,26.49,29.86
3800.0,28.11,26.44,29.78
3850.0,28.16,26.48,29.84
3900.0,28.12,26.45,29.79
3950.0,28.00,26.34,29.66
4000.0,27.42,25.82,29.02
4050.0,27.30,25.71,28.90
4100.0,27.44,25.84,29.04
4150.0,27.34,25.75,28.93
4200.0,27.38,25.79,28.98
4250.0,27.38,25.79,28.98
4300.0,27.01,25.45,28.56
4350.0,26.92,25.38,28.47
4400.0,26.72,25.20,28.25
4450.0,26.19,24.73,27.66
4500.0,26.53,25.03,28.04
4550.0,25.93,24.50,27.36
4600.0,25.81,24.40,27.23
4650.0,25.61,24.21,27.01
4700.0,25.79,24.38,27.21
4750.0,25.33,23.97,26.70
4800.0,25.70,24.30,27.11
4850.0,25.47,24.10,26.85
4900.0,25.51,24.12,26.89
4950.0,25.31,23.95,26.67
5000.0,24.95,23.64,26.27
5050.0,24.77,23.48,26.06
5100.0,24.68,23.40,25.95
5150.0,24.86,23.56,26.16
5200.0,24.31,23.08,25.53
5250.0,24.05,22.86,25.24
5300.0,24.12,22.92,25.32
5350.0,24.12,22.92,25.32
5400.0,24.03,22.84,25.21
5450.0,23.87,22.71,25.03
5500.0,23.75,22.60,24.89
5550.0,23.47,22.37,24.58
5600.0,23.29,22.21,24.36
5650.0,23.47,22.37,24.57
5700.0,23.56,22.45,24.68
5750.0,23.41,22.32,24.50
5800.0,23.38,22.29,24.46
5850.0,23.37,22.29,24.46
5900.0,23.37,22.29,24.46
5950.0,23.29,22.22,24.36
6000.0,23.19,22.13,24.25
6050.0,23.09,22.05,24.13
6100.0,22.73,21.76,23.71
6150.0,22.92,21.91,23.93
6200.0,22.64,21.68,23.61
6250.0,22.46,21.53,23.39
6300.0,22.09,21.23,22.95
6350.0,21.91,21.09,22.73
6400.0,22.01,21.17,22.84
6450.0,22.00,21.16,22.84
6500.0,22.01,21.17,22.84
6550.0,21.91,21.09,22.73
6600.0,21.82,21.02,22.62
6650.0,21.46,20.74,22.18
6700.0,21.46,20.74,22.18
6750.0,21.73,20.95,22.51
6800.0,21.64,20.88,22.40
6850.0,21.55,20.81,22.29
6900.0,21.64,20.88,22.40
6950.0,21.09,20.47,21.71
7000.0,21.20,20.55,21.85
7050.0,21.18,20.54,21.83
7100.0,21.09,20.47,21.71
7150.0,21.18,20.54,21.83
7200.0,21.00,20.41,21.60
7250.0,21.09,20.47,21.71
7300.0,21.09,20.47,21.71
7350.0,21.09,20.47,21.71
7400.0,20.91,20.34,21.48
7450.0,20.82,20.28,21.36
7500.0,20.73,20.22,21.24
7550.0,20.82,20.28,21.36
7600.0,20.82,20.28,21.36
7650.0,20.64,20.16,21.11
7700.0,20.64,20.16,21.11
7750.0,20.55,20.11,20.99
7800.0,20.46,20.05,20.86
7850.0,20.46,20.05,20.86
7900.0,20.55,20.11,20.99
7950.0,20.46,20.05,20.86
