step,mean,ci_down,ci_up
0.0,56.47,55.15,57.78
50.0,234.70,231.89,237.51
100.0,432.14,428.97,435.32
150.0,631.09,627.72,634.46
200.0,830.60,827.07,834.13
250.0,1030.27,1026.65,1033.89
300.0,1230.11,1226.38,1233.83
350.0,1429.96,1426.11,1433.82
400.0,1629.43,1625.49,1633.37
450.0,1829.19,1825.19,1833.20
500.0,2028.76,2024.63,2032.88
550.0,2229.49,2225.28,2233.70
600.0,2430.09,2425.81,2434.36
650.0,2631.35,2627.05,2635.66
700.0,2833.01,2828.69,2837.33
750.0,3034.58,3030.24,3038.92
800.0,3236.40,3232.04,3240.75
850.0,3438.23,3433.88,3442.59
900.0,3640.14,3635.78,3644.50
950.0,3842.14,3837.78,3846.50
1000.0,4043.96,4039.59,4048.32
1050.0,4245.60,4241.21,4249.98
1100.0,4447.60,4443.21,4451.98
1150.0,4649.53,4645.14,4653.91
1200.0,4851.35,4846.96,4855.74
1250.0,5053.17,5048.78,5057.57
1300.0,5255.00,5250.59,5259.40
1350.0,5456.73,5452.31,5461.15
1400.0,5658.50,5654.07,5662.92
1450.0,5860.27,5855.82,5864.72
1500.0,6062.18,6057.72,6066.65
1550.0,6264.10,6259.63,6268.56
1600.0,6466.02,6461.55,6470.49
1650.0,6667.76,6663.26,6672.25
1700.0,6869.58,6865.07,6874.08
1750.0,7071.48,7066.97,7076.00
1800.0,7273.39,7268.87,7277.92
1850.0,7474.85,7470.30,7479.39
1900.0,7676.57,7672.00,7681.15
1950.0,7878.03,7873.41,7882.65
2000.0,8079.12,8074.45,8083.79
2050.0,8280.03,8275.26,8284.80
2100.0,8479.84,8474.97,8484.72
2150.0,8679.84,8674.87,8684.81
2200.0,8878.30,8873.11,8883.48
2250.0,9075.02,9069.52,9080.52
2300.0,9270.20,9264.16,9276.25
2350.0,9460.56,9453.76,9467.35
2400.0,9647.27,9639.45,9655.09
2450.0,9828.16,9818.99,9837.33
2500.0,10002.68,9991.83,10013.53
2550.0,10166.73,10153.95,10179.52
2600.0,10323.14,10308.15,10338.14
2650.0,10463.99,10446.71,10481.28
2700.0,10590.01,10570.29,10609.74
2750.0,10697.83,10675.72,10719.94
2800.0,10792.36,10767.85,10816.86
2850.0,10870.60,10843.94,10897.26
2900.0,10931.28,10902.88,10959.68
2950.0,10983.95,10953.96,11013.94
3000.0,11025.52,10994.31,11056.72
3050.0,11058.80,11026.75,11090.85
3100.0,11086.81,11054.18,11119.43
3150.0,11110.54,11077.61,11143.47
3200.0,11132.91,11099.76,11166.05
3250.0,11153.82,11120.59,11187.05
3300.0,11174.00,11140.75,11207.25
3350.0,11194.09,11160.83,11227.35
3400.0,11214.09,11180.83,11247.35
3450.0,11234.09,11200.83,11267.35
3500.0,11254.09,11220.83,11287.35
3550.0,11274.09,11240.83,11307.35
3600.0,11294.09,11260.83,11327.35
3650.0,11314.09,11280.83,11347.35
3700.0,11334.09,11300.83,11367.35
3750.0,11354.09,11320.83,11387.35
3800.0,11374.18,11340.92,11407.44
3850.0,11394.27,11361.01,11427.53
3900.0,11414.36,11381.10,11447.62
3950.0,11434.36,11401.10,11467.62
4000.0,11454.36,11421.10,11487.62
4050.0,11474.36,11441.10,11507.62
4100.0,11494.45,11461.20,11527.71
4150.0,11514.54,11481.29,11547.80
4200.0,11534.54,11501.29,11567.80
4250.0,11554.54,11521.29,11587.80
4300.0,11574.64,11541.38,11607.89
4350.0,11594.64,11561.38,11627.89
4400.0,11614.64,11581.38,11647.89
4450.0,11634.64,11601.38,11667.89
4500.0,11654.64,11621.38,11687.89
4550.0,11674.64,11641.38,11707.89
4600.0,11694.64,11661.38,11727.89
4650.0,11714.64,11681.38,11747.89
4700.0,11734.64,11701.38,11767.89
4750.0,11754.64,11721.38,11787.89
4800.0,11774.64,11741.38,11807.89
4850.0,11794.64,11761.38,11827.89
4900.0,11814.64,11781.38,11847.89
4950.0,11834.73,11801.47,11867.99
5000.0,11854.73,11821.47,11887.99
5050.0,11874.82,11841.56,11908.07
5100.0,11894.91,11861.66,11928.16
5150.0,11914.91,11881.66,11948.16
5200.0,11934.91,11901.66,11968.16
5250.0,11954.91,11921.66,11988.16
5300.0,11974.91,11941.66,12008.16
5350.0,11994.91,11961.66,12028.16
5400.0,12015.00,11981.75,12048.25
5450.0,12035.00,12001.75,12068.25
5500.0,12055.00,12021.75,12088.25
5550.0,12075.00,12041.75,12108.25
5600.0,12095.00,12061.75,12128.25
5650.0,12115.00,12081.75,12148.25
5700.0,12135.00,12101.75,12168.25
5750.0,12155.00,12121.75,12188.25
5800.0,12175.00,12141.75,12208.25
5850.0,12195.00,12161.75,12228.25
5900.0,12215.00,12181.75,12248.25
5950.0,12235.00,12201.75,12268.25
6000.0,12255.09,12221.84,12288.34
6050.0,12275.18,12241.93,12308.43
6100.0,12295.27,12262.02,12328.52
6150.0,12315.36,12282.11,12348.62
6200.0,12335.36,12302.11,12368.62
6250.0,12355.45,12322.20,12388.71
6300.0,12375.55,12342.29,12408.81
6350.0,12395.64,12362.37,12428.90
6400.0,12415.64,12382.37,12448.90
6450.0,12435.73,12402.46,12469.00
6500.0,12455.82,12422.54,12489.09
6550.0,12475.91,12442.63,12509.19
6600.0,12495.91,12462.63,12529.19
6650.0,12516.00,12482.71,12549.29
6700.0,12536.09,12502.79,12569.39
6750.0,12556.18,12522.87,12589.49
6800.0,12576.18,12542.87,12609.49
6850.0,12596.27,12562.95,12629.60
6900.0,12616.36,12583.03,12649.70
6950.0,12636.46,12603.11,12669.80
7000.0,12656.46,12623.11,12689.80
7050.0,12676.46,12643.11,12709.80
7100.0,12696.46,12663.11,12729.80
7150.0,12716.46,12683.11,12749.80
7200.0,12736.46,12703.11,12769.80
7250.0,12756.46,12723.11,12789.80
7300.0,12776.46,12743.11,12809.80
7350.0,12796.55,12763.20,12829.89
7400.0,12816.64,12783.29,12849.98
7450.0,12836.73,12803.39,12870.07
7500.0,12856.82,12823.48,12890.16
7550.0,12876.91,12843.57,12910.25
7600.0,12897.00,12863.66,12930.35
7650.0,12917.09,12883.74,12950.44
7700.0,12937.18,12903.83,12970.54
7750.0,12957.27,12923.92,12990.63
7800.0,12977.37,12944.00,13010.73
7850.0,12997.55,12964.17,13030.92
7900.0,13017.73,12984.34,13051.11
7950.0,13037.91,13004.51,13071.31
8000.0,13058.09,13024.68,13091.51
