step,mean,ci_down,ci_up
1500.0,-10.17,-10.50,-9.84
1550.0,-20.16,-20.50,-19.83
1600.0,-30.22,-30.58,-29.87
1650.0,-40.59,-41.16,-40.02
1700.0,-50.61,-51.19,-50.04
1750.0,-60.60,-61.17,-60.03
1800.0,-70.59,-71.16,-70.01
1850.0,-80.50,-81.08,-79.92
1900.0,-90.46,-91.03,-89.89
1950.0,-100.38,-100.95,-99.80
2000.0,-110.23,-110.82,-109.65
2050.0,-120.06,-120.66,-119.47
2100.0,-129.72,-130.34,-129.11
2150.0,-139.41,-140.05,-138.78
2200.0,-148.87,-149.54,-148.19
2250.0,-158.05,-158.79,-157.32
2300.0,-167.00,-167.84,-166.17
2350.0,-175.19,-176.16,-174.22
2400.0,-182.81,-183.96,-181.67
2450.0,-189.52,-190.88,-188.16
2500.0,-195.24,-196.87,-193.62
2550.0,-199.32,-201.25,-197.39
2600.0,-202.21,-204.49,-199.94
2650.0,-202.69,-205.32,-200.05
2700.0,-200.86,-203.89,-197.83
2750.0,-196.19,-199.59,-192.78
2800.0,-189.44,-193.22,-185.66
2850.0,-180.16,-184.28,-176.04
2900.0,-168.14,-172.53,-163.74
2950.0,-154.86,-159.50,-150.22
3000.0,-139.86,-144.69,-135.03
3050.0,-123.56,-128.53,-118.59
3100.0,-106.44,-111.50,-101.38
3150.0,-88.65,-93.76,-83.55
3200.0,-70.65,-75.79,-65.51
3250.0,-52.42,-57.58,-47.27
3300.0,-34.08,-39.24,-28.93
3350.0,-15.73,-20.88,-10.57
3400.0,2.64,-2.51,7.80
3450.0,21.01,15.86,26.17
3500.0,39.38,34.23,44.54
3550.0,57.75,52.60,62.91
3600.0,76.12,70.97,81.28
3650.0,94.49,89.34,99.65
3700.0,112.86,107.71,118.02
3750.0,131.23,126.08,136.39
3800.0,149.59,144.43,154.75
3850.0,167.95,162.79,173.10
3900.0,186.30,181.14,191.46
3950.0,204.67,199.51,209.83
4000.0,223.04,217.88,228.20
4050.0,241.41,236.25,246.57
4100.0,259.77,254.61,264.93
4150.0,278.12,272.97,283.28
4200.0,296.49,291.34,301.65
4250.0,314.86,309.71,320.02
4300.0,333.22,328.06,338.38
4350.0,351.59,346.43,356.75
4400.0,369.96,364.80,375.12
4450.0,388.33,383.17,393.49
4500.0,406.70,401.54,411.86
4550.0,425.07,419.91,430.23
4600.0,443.44,438.28,448.60
4650.0,461.81,456.65,466.97
4700.0,480.18,475.02,485.34
4750.0,498.55,493.39,503.71
4800.0,516.92,511.76,522.08
4850.0,535.29,530.13,540.45
4900.0,553.66,548.50,558.82
4950.0,572.02,566.86,577.17
5000.0,590.39,585.23,595.54
5050.0,608.74,603.58,613.90
5100.0,627.10,621.94,632.25
5150.0,645.47,640.31,650.62
5200.0,663.84,658.68,668.99
5250.0,682.21,677.05,687.36
5300.0,700.58,695.42,705.73
5350.0,718.95,713.79,724.10
5400.0,737.30,732.15,742.46
5450.0,755.67,750.52,760.83
5500.0,774.04,768.89,779.20
5550.0,792.41,787.26,797.57
5600.0,810.78,805.63,815.94
5650.0,829.15,824.00,834.31
5700.0,847.52,842.37,852.68
5750.0,865.89,860.74,871.05
5800.0,884.26,879.11,889.42
5850.0,902.63,897.48,907.79
5900.0,921.00,915.85,926.16
5950.0,939.37,934.22,944.53
6000.0,957.73,952.57,962.89
6050.0,976.08,970.93,981.24
6100.0,994.44,989.28,999.60
6150.0,1012.80,1007.64,1017.95
6200.0,1031.17,1026.01,1036.32
6250.0,1049.52,1044.36,1054.68
6300.0,1067.88,1062.72,1073.04
6350.0,1086.23,1081.07,1091.39
6400.0,1104.60,1099.44,1109.76
6450.0,1122.96,1117.80,1128.12
6500.0,1141.32,1136.15,1146.48
6550.0,1159.67,1154.51,1164.83
6600.0,1178.04,1172.88,1183.20
6650.0,1196.40,1191.23,1201.56
6700.0,1214.75,1209.59,1219.92
6750.0,1233.11,1227.94,1238.27
6800.0,1251.48,1246.31,1256.64
6850.0,1269.83,1264.67,1275.00
6900.0,1288.19,1283.02,1293.36
6950.0,1306.55,1301.37,1311.72
7000.0,1324.92,1319.74,1330.09
7050.0,1343.29,1338.11,1348.46
7100.0,1361.66,1356.48,1366.83
7150.0,1380.03,1374.85,1385.20
7200.0,1398.40,1393.22,1403.57
7250.0,1416.77,1411.59,1421.94
7300.0,1435.14,1429.96,1440.31
7350.0,1453.49,1448.32,1458.66
7400.0,1471.85,1466.68,1477.02
7450.0,1490.20,1485.03,1495.37
7500.0,1508.56,1503.39,1513.73
7550.0,1526.91,1521.74,1532.09
7600.0,1545.27,1540.10,1550.44
7650.0,1563.63,1558.45,1568.80
7700.0,1581.98,1576.81,1587.15
7750.0,1600.34,1595.16,1605.51
7800.0,1618.69,1613.52,1623.87
7850.0,1637.04,1631.86,1642.21
7900.0,1655.38,1650.20,1660.55
7950.0,1673.72,1668.54,1678.90
8000.0,1692.06,1686.88,1697.24
