step,mean,ci_down,ci_up
0.0,-2214.93,-2251.04,-2178.83
50.0,-2425.97,-2470.39,-2381.55
100.0,-2470.15,-2516.84,-2423.46
150.0,-2493.32,-2540.85,-2445.79
200.0,-2513.11,-2560.88,-2465.34
250.0,-2534.51,-2582.49,-2486.52
300.0,-2554.26,-2602.26,-2506.26
350.0,-2574.48,-2622.65,-2526.30
400.0,-2595.35,-2643.48,-2547.22
450.0,-2616.23,-2664.43,-2568.03
500.0,-2638.35,-2686.75,-2589.95
550.0,-2655.45,-2704.01,-2606.88
600.0,-2670.92,-2719.49,-2622.36
650.0,-2683.62,-2732.28,-2634.96
700.0,-2694.98,-2743.69,-2646.28
750.0,-2706.23,-2754.96,-2657.50
800.0,-2716.93,-2765.68,-2668.19
850.0,-2727.42,-2776.17,-2678.66
900.0,-2737.65,-2786.40,-2688.90
950.0,-2747.65,-2796.40,-2698.90
1000.0,-2758.02,-2806.79,-2709.26
1050.0,-2768.93,-2817.69,-2720.18
1100.0,-2778.93,-2827.69,-2730.18
1150.0,-2789.06,-2837.82,-2740.31
1200.0,-2799.25,-2848.01,-2750.50
1250.0,-2809.63,-2858.38,-2760.87
1300.0,-2819.82,-2868.57,-2771.07
1350.0,-2830.09,-2878.83,-2781.34
1400.0,-2840.46,-2889.21,-2791.71
1450.0,-2850.86,-2899.61,-2802.10
1500.0,-2861.02,-2909.79,-2812.26
1550.0,-2871.02,-2919.78,-2822.25
1600.0,-2881.08,-2929.85,-2832.31
1650.0,-2891.45,-2940.23,-2842.67
1700.0,-2901.47,-2950.25,-2852.69
1750.0,-2911.46,-2960.23,-2862.68
1800.0,-2921.44,-2970.22,-2872.67
1850.0,-2931.36,-2980.13,-2882.58
1900.0,-2941.31,-2990.09,-2892.54
1950.0,-2951.23,-3000.01,-2902.46
2000.0,-2961.09,-3009.87,-2912.31
2050.0,-2970.92,-3019.70,-2922.14
2100.0,-2980.58,-3029.35,-2931.81
2150.0,-2990.27,-3039.03,-2941.50
2200.0,-2999.72,-3048.49,-2950.96
2250.0,-3008.91,-3057.68,-2960.14
2300.0,-3017.86,-3066.64,-2969.09
2350.0,-3026.05,-3074.83,-2977.26
2400.0,-3033.67,-3082.47,-2984.87
2450.0,-3040.38,-3089.19,-2991.58
2500.0,-3046.10,-3094.89,-2997.32
2550.0,-3050.19,-3098.96,-3001.41
2600.0,-3053.08,-3101.85,-3004.31
2650.0,-3053.56,-3102.34,-3004.79
2700.0,-3051.73,-3100.50,-3002.95
2750.0,-3047.05,-3095.83,-2998.27
2800.0,-3040.29,-3089.09,-2991.49
2850.0,-3031.01,-3079.83,-2982.19
2900.0,-3018.98,-3067.81,-2970.15
2950.0,-3005.71,-3054.56,-2956.86
3000.0,-2990.70,-3039.57,-2941.83
3050.0,-2974.40,-3023.30,-2925.51
3100.0,-2957.28,-3006.19,-2908.37
3150.0,-2939.49,-2988.41,-2890.58
3200.0,-2921.49,-2970.41,-2872.57
3250.0,-2903.26,-2952.19,-2854.33
3300.0,-2884.92,-2933.85,-2835.99
3350.0,-2866.56,-2915.49,-2817.63
3400.0,-2848.19,-2897.12,-2799.26
3450.0,-2829.82,-2878.75,-2780.89
3500.0,-2811.45,-2860.38,-2762.52
3550.0,-2793.08,-2842.01,-2744.15
3600.0,-2774.71,-2823.64,-2725.78
3650.0,-2756.34,-2805.27,-2707.41
3700.0,-2737.97,-2786.90,-2689.04
3750.0,-2719.60,-2768.53,-2670.67
3800.0,-2701.25,-2750.18,-2652.32
3850.0,-2682.89,-2731.82,-2633.96
3900.0,-2664.54,-2713.47,-2615.61
3950.0,-2646.17,-2695.10,-2597.24
4000.0,-2627.80,-2676.73,-2578.87
4050.0,-2609.43,-2658.36,-2560.50
4100.0,-2591.07,-2640.00,-2542.14
4150.0,-2572.72,-2621.65,-2523.78
4200.0,-2554.35,-2603.28,-2505.41
4250.0,-2535.98,-2584.91,-2487.04
4300.0,-2517.62,-2566.55,-2468.69
4350.0,-2499.25,-2548.18,-2450.32
4400.0,-2480.88,-2529.81,-2431.95
4450.0,-2462.51,-2511.44,-2413.58
4500.0,-2444.14,-2493.07,-2395.21
4550.0,-2425.77,-2474.70,-2376.84
4600.0,-2407.40,-2456.33,-2358.47
4650.0,-2389.03,-2437.96,-2340.10
4700.0,-2370.66,-2419.59,-2321.73
4750.0,-2352.29,-2401.22,-2303.36
4800.0,-2333.92,-2382.85,-2284.99
4850.0,-2315.55,-2364.48,-2266.62
4900.0,-2297.18,-2346.11,-2248.25
4950.0,-2278.82,-2327.76,-2229.89
5000.0,-2260.45,-2309.39,-2211.52
5050.0,-2242.10,-2291.03,-2193.16
5100.0,-2223.74,-2272.67,-2174.81
5150.0,-2205.37,-2254.30,-2156.44
5200.0,-2187.00,-2235.93,-2138.07
5250.0,-2168.63,-2217.56,-2119.70
5300.0,-2150.26,-2199.19,-2101.33
5350.0,-2131.89,-2180.82,-2082.96
5400.0,-2113.54,-2162.47,-2064.60
5450.0,-2095.17,-2144.10,-2046.23
5500.0,-2076.80,-2125.73,-2027.86
5550.0,-2058.43,-2107.36,-2009.49
5600.0,-2040.06,-2088.99,-1991.12
5650.0,-2021.69,-2070.62,-1972.75
5700.0,-2003.32,-2052.25,-1954.38
5750.0,-1984.95,-2033.88,-1936.01
5800.0,-1966.58,-2015.51,-1917.64
5850.0,-1948.21,-1997.14,-1899.27
5900.0,-1929.84,-1978.77,-1880.90
5950.0,-1911.47,-1960.40,-1862.53
6000.0,-1893.11,-1942.04,-1844.18
6050.0,-1874.75,-1923.69,-1825.82
6100.0,-1856.40,-1905.33,-1807.47
6150.0,-1838.04,-1886.98,-1789.11
6200.0,-1819.67,-1868.61,-1770.74
6250.0,-1801.32,-1850.25,-1752.39
6300.0,-1782.96,-1831.89,-1734.03
6350.0,-1764.61,-1813.54,-1715.67
6400.0,-1746.24,-1795.17,-1697.30
6450.0,-1727.88,-1776.81,-1678.95
6500.0,-1709.52,-1758.46,-1660.59
6550.0,-1691.17,-1740.10,-1642.24
6600.0,-1672.80,-1721.73,-1623.87
6650.0,-1654.44,-1703.37,-1605.51
6700.0,-1636.09,-1685.02,-1587.16
6750.0,-1617.73,-1666.66,-1568.80
6800.0,-1599.36,-1648.29,-1550.43
6850.0,-1581.00,-1629.94,-1532.07
6900.0,-1562.65,-1611.58,-1513.72
6950.0,-1544.29,-1593.22,-1495.36
7000.0,-1525.92,-1574.85,-1476.99
7050.0,-1507.55,-1556.48,-1458.62
7100.0,-1489.18,-1538.11,-1440.25
7150.0,-1470.81,-1519.74,-1421.88
7200.0,-1452.44,-1501.37,-1403.51
7250.0,-1434.07,-1483.00,-1385.14
7300.0,-1415.70,-1464.63,-1366.77
7350.0,-1397.35,-1446.28,-1348.42
7400.0,-1378.99,-1427.92,-1330.06
7450.0,-1360.64,-1409.57,-1311.70
7500.0,-1342.28,-1391.21,-1293.35
7550.0,-1323.92,-1372.86,-1274.99
7600.0,-1305.57,-1354.50,-1256.63
7650.0,-1287.21,-1336.15,-1238.28
7700.0,-1268.86,-1317.79,-1219.92
7750.0,-1250.50,-1299.44,-1201.56
7800.0,-1232.15,-1281.09,-1183.21
7850.0,-1213.80,-1262.74,-1164.86
7900.0,-1195.46,-1244.40,-1146.52
7950.0,-1177.12,-1226.06,-1128.18
8000.0,-1158.78,-1207.72,-1109.84
