step,mean,ci_down,ci_up
1500.0,201.92,201.75,202.08
1550.0,403.83,403.59,404.07
1600.0,605.75,605.47,606.04
1650.0,807.49,807.07,807.90
1700.0,1009.31,1008.82,1009.79
1750.0,1211.22,1210.70,1211.73
1800.0,1413.13,1412.52,1413.73
1850.0,1614.58,1613.84,1615.32
1900.0,1816.31,1815.46,1817.15
1950.0,2017.76,2016.78,2018.74
2000.0,2218.85,2217.64,2220.07
2050.0,2419.76,2418.24,2421.27
2100.0,2619.57,2617.78,2621.37
2150.0,2819.57,2817.52,2821.62
2200.0,3018.02,3015.51,3020.53
2250.0,3214.75,3211.60,3217.89
2300.0,3409.92,3405.92,3413.93
2350.0,3600.27,3595.16,3605.38
2400.0,3786.98,3780.56,3793.39
2450.0,3967.86,3959.88,3975.83
2500.0,4142.36,4132.54,4152.18
2550.0,4306.40,4294.51,4318.28
2600.0,4462.78,4448.58,4476.99
2650.0,4603.60,4587.01,4620.19
2700.0,4729.68,4710.55,4748.80
2750.0,4837.54,4815.95,4859.12
2800.0,4932.10,4908.06,4956.14
2850.0,5010.37,4984.14,5036.61
2900.0,5071.07,5043.07,5099.07
2950.0,5123.76,5094.15,5153.37
3000.0,5165.34,5134.49,5196.19
3050.0,5198.63,5166.91,5230.35
3100.0,5226.64,5194.34,5258.94
3150.0,5250.37,5217.77,5282.98
3200.0,5272.74,5239.92,5305.56
3250.0,5293.65,5260.74,5326.57
3300.0,5313.83,5280.90,5346.77
3350.0,5333.92,5300.98,5366.87
3400.0,5353.92,5320.98,5386.87
3450.0,5373.92,5340.98,5406.87
3500.0,5393.92,5360.98,5426.87
3550.0,5413.92,5380.98,5446.87
3600.0,5433.92,5400.98,5466.87
3650.0,5453.92,5420.98,5486.87
3700.0,5473.92,5440.98,5506.87
3750.0,5493.92,5460.98,5526.87
3800.0,5514.02,5481.07,5546.96
3850.0,5534.11,5501.16,5567.06
3900.0,5554.20,5521.25,5587.14
3950.0,5574.20,5541.25,5607.14
4000.0,5594.20,5561.25,5627.14
4050.0,5614.20,5581.25,5647.14
4100.0,5634.29,5601.34,5667.23
4150.0,5654.38,5621.43,5687.32
4200.0,5674.38,5641.43,5707.32
4250.0,5694.38,5661.43,5727.32
4300.0,5714.47,5681.52,5747.42
4350.0,5734.47,5701.52,5767.42
4400.0,5754.47,5721.52,5787.42
4450.0,5774.47,5741.52,5807.42
4500.0,5794.47,5761.52,5827.42
4550.0,5814.47,5781.52,5847.42
4600.0,5834.47,5801.52,5867.42
4650.0,5854.47,5821.52,5887.42
4700.0,5874.47,5841.52,5907.42
4750.0,5894.47,5861.52,5927.42
4800.0,5914.47,5881.52,5947.42
4850.0,5934.47,5901.52,5967.42
4900.0,5954.47,5921.52,5987.42
4950.0,5974.56,5941.61,6007.51
5000.0,5994.56,5961.61,6027.51
5050.0,6014.65,5981.71,6047.60
5100.0,6034.74,6001.80,6067.69
5150.0,6054.74,6021.80,6087.69
5200.0,6074.74,6041.80,6107.69
5250.0,6094.74,6061.80,6127.69
5300.0,6114.74,6081.80,6147.69
5350.0,6134.74,6101.80,6167.69
5400.0,6154.83,6121.89,6187.78
5450.0,6174.83,6141.89,6207.78
5500.0,6194.83,6161.89,6227.78
5550.0,6214.83,6181.89,6247.78
5600.0,6234.83,6201.89,6267.78
5650.0,6254.83,6221.89,6287.78
5700.0,6274.83,6241.89,6307.78
5750.0,6294.83,6261.89,6327.78
5800.0,6314.83,6281.89,6347.78
5850.0,6334.83,6301.89,6367.78
5900.0,6354.83,6321.89,6387.78
5950.0,6374.83,6341.89,6407.78
6000.0,6394.93,6361.98,6427.87
6050.0,6415.02,6382.07,6447.96
6100.0,6435.11,6402.16,6468.05
6150.0,6455.20,6422.25,6488.14
6200.0,6475.20,6442.25,6508.14
6250.0,6495.29,6462.34,6528.24
6300.0,6515.38,6482.43,6548.33
6350.0,6535.47,6502.52,6568.43
6400.0,6555.47,6522.52,6588.43
6450.0,6575.56,6542.60,6608.52
6500.0,6595.65,6562.69,6628.62
6550.0,6615.75,6582.77,6648.72
6600.0,6635.75,6602.77,6668.72
6650.0,6655.84,6622.85,6688.82
6700.0,6675.93,6642.94,6708.92
6750.0,6696.02,6663.02,6729.02
6800.0,6716.02,6683.02,6749.02
6850.0,6736.11,6703.10,6769.12
6900.0,6756.20,6723.18,6789.22
6950.0,6776.29,6743.25,6809.33
7000.0,6796.29,6763.25,6829.33
7050.0,6816.29,6783.25,6849.33
7100.0,6836.29,6803.25,6869.33
7150.0,6856.29,6823.25,6889.33
7200.0,6876.29,6843.25,6909.33
7250.0,6896.29,6863.25,6929.33
7300.0,6916.29,6883.25,6949.33
7350.0,6936.38,6903.35,6969.42
7400.0,6956.47,6923.44,6989.51
7450.0,6976.56,6943.53,7009.60
7500.0,6996.66,6963.62,7029.69
7550.0,7016.75,6983.71,7049.78
7600.0,7036.84,7003.80,7069.87
7650.0,7056.93,7023.89,7089.97
7700.0,7077.02,7043.98,7110.06
7750.0,7097.11,7064.06,7130.16
7800.0,7117.20,7084.15,7150.26
7850.0,7137.38,7104.32,7170.45
7900.0,7157.57,7124.49,7190.64
7950.0,7177.75,7144.66,7210.84
8000.0,7197.93,7164.83,7231.04
