step,mean,ci_down,ci_up
0.0,56.48,55.16,57.80
50.0,178.22,175.70,180.74
100.0,197.44,196.24,198.64
150.0,198.94,197.93,199.95
200.0,199.51,198.61,200.41
250.0,199.67,198.78,200.55
300.0,199.84,198.96,200.71
350.0,199.86,198.99,200.72
400.0,199.46,198.52,200.41
450.0,199.76,198.86,200.66
500.0,199.56,198.65,200.47
550.0,200.73,200.08,201.38
600.0,200.60,199.90,201.29
650.0,201.27,200.78,201.75
700.0,201.66,201.34,201.97
750.0,201.57,201.18,201.95
800.0,201.82,201.56,202.07
850.0,201.84,201.60,202.07
900.0,201.91,201.72,202.09
950.0,202.00,202.00,202.00
1000.0,201.82,201.56,202.07
1050.0,201.64,201.28,202.00
1100.0,202.00,202.00,202.00
1150.0,201.93,201.79,202.07
1200.0,201.82,201.58,202.07
1250.0,201.82,201.58,202.07
1300.0,201.82,201.58,202.07
1350.0,201.73,201.43,202.04
1400.0,201.76,201.49,202.03
1450.0,201.77,201.51,202.03
1500.0,201.92,201.75,202.08
1550.0,201.91,201.74,202.09
1600.0,201.92,201.77,202.08
1650.0,201.74,201.44,202.04
1700.0,201.82,201.57,202.07
1750.0,201.91,201.73,202.09
1800.0,201.91,201.73,202.09
1850.0,201.45,201.01,201.89
1900.0,201.73,201.42,202.04
1950.0,201.45,201.02,201.89
2000.0,201.09,200.52,201.66
2050.0,200.91,200.29,201.53
2100.0,199.81,198.94,200.69
2150.0,200.00,199.16,200.84
2200.0,198.45,197.34,199.56
2250.0,196.72,195.37,198.07
2300.0,195.18,193.65,196.70
2350.0,190.35,188.38,192.32
2400.0,186.71,184.48,188.94
2450.0,180.88,178.30,183.45
2500.0,174.51,171.63,177.38
2550.0,164.03,160.77,167.30
2600.0,156.39,152.90,159.87
2650.0,140.82,137.02,144.62
2700.0,126.07,122.11,130.04
2750.0,107.86,103.84,111.88
2800.0,94.57,90.61,98.52
2850.0,78.27,74.52,82.02
2900.0,60.70,57.35,64.05
2950.0,52.69,49.60,55.77
3000.0,41.58,38.98,44.18
3050.0,33.29,31.20,35.38
3100.0,28.01,26.36,29.66
3150.0,23.73,22.59,24.87
3200.0,22.37,21.46,23.28
3250.0,20.91,20.34,21.48
3300.0,20.18,19.93,20.44
3350.0,20.09,19.91,20.27
3400.0,20.00,20.00,20.00
3450.0,20.00,20.00,20.00
3500.0,20.00,20.00,20.00
3550.0,20.00,20.00,20.00
3600.0,20.00,20.00,20.00
3650.0,20.00,20.00,20.00
3700.0,20.00,20.00,20.00
3750.0,20.00,20.00,20.00
3800.0,20.09,19.91,20.27
3850.0,20.09,19.91,20.27
3900.0,20.09,19.91,20.27
3950.0,20.00,20.00,20.00
4000.0,20.00,20.00,20.00
4050.0,20.00,20.00,20.00
4100.0,20.09,19.91,20.27
4150.0,20.09,19.91,20.27
4200.0,20.00,20.00,20.00
4250.0,20.00,20.00,20.00
4300.0,20.09,19.91,20.27
4350.0,20.00,20.00,20.00
4400.0,20.00,20.00,20.00
4450.0,20.00,20.00,20.00
4500.0,20.00,20.00,20.00
4550.0,20.00,20.00,20.00
4600.0,20.00,20.00,20.00
4650.0,20.00,20.00,20.00
4700.0,20.00,20.00,20.00
4750.0,20.00,20.00,20.00
4800.0,20.00,20.00,20.00
4850.0,20.00,20.00,20.00
4900.0,20.00,20.00,20.00
4950.0,20.09,19.91,20.27
5000.0,20.00,20.00,20.00
5050.0,20.09,19.91,20.27
5100.0,20.09,19.91,20.27
5150.0,20.00,20.00,20.00
5200.0,20.00,20.00,20.00
5250.0,20.00,20.00,20.00
5300.0,20.00,20.00,20.00
5350.0,20.00,20.00,20.00
5400.0,20.09,19.91,20.27
5450.0,20.00,20.00,20.00
5500.0,20.00,20.00,20.00
5550.0,20.00,20.00,20.00
5600.0,20.00,20.00,20.00
5650.0,20.00,20.00,20.00
5700.0,20.00,20.00,20.00
5750.0,20.00,20.00,20.00
5800.0,20.00,20.00,20.00
5850.0,20.00,20.00,20.00
5900.0,20.00,20.00,20.00
5950.0,20.00,20.00,20.00
6000.0,20.09,19.91,20.27
6050.0,20.09,19.91,20.27
6100.0,20.09,19.91,20.27
6150.0,20.09,19.91,20.27
6200.0,20.00,20.00,20.00
6250.0,20.09,19.91,20.27
6300.0,20.09,19.91,20.27
6350.0,20.09,19.91,20.27
6400.0,20.00,20.00,20.00
6450.0,20.09,19.91,20.27
6500.0,20.09,19.91,20.27
6550.0,20.09,19.91,20.27
6600.0,20.00,20.00,20.00
6650.0,20.09,19.91,20.27
6700.0,20.09,19.91,20.27
6750.0,20.09,19.91,20.27
6800.0,20.00,20.00,20.00
6850.0,20.09,19.91,20.27
6900.0,20.09,19.91,20.27
6950.0,20.09,19.91,20.27
7000.0,20.00,20.00,20.00
7050.0,20.00,20.00,20.00
7100.0,20.00,20.00,20.00
7150.0,20.00,20.00,20.00
7200.0,20.00,20.00,20.00
7250.0,20.00,20.00,20.00
7300.0,20.00,20.00,20.00
7350.0,20.09,19.91,20.27
7400.0,20.09,19.91,20.27
7450.0,20.09,19.91,20.27
7500.0,20.09,19.91,20.27
7550.0,20.09,19.91,20.27
7600.0,20.09,19.91,20.27
7650.0,20.09,19.91,20.27
7700.0,20.09,19.91,20.27
7750.0,20.09,19.91,20.27
7800.0,20.09,19.91,20.27
7850.0,20.18,19.93,20.44
7900.0,20.18,19.93,20.44
7950.0,20.18,19.93,20.44
8000.0,20.18,19.93,20.44
