step,mean,ci_down,ci_up
0.0,-2214.78,-2250.90,-2178.66
50.0,-211.14,-236.88,-185.40
100.0,-44.19,-54.94,-33.44
150.0,-23.18,-29.15,-17.20
200.0,-19.79,-23.74,-15.84
250.0,-21.40,-25.84,-16.96
300.0,-19.76,-23.75,-15.77
350.0,-20.22,-24.46,-15.98
400.0,-20.88,-25.05,-16.71
450.0,-20.88,-25.29,-16.47
500.0,-22.12,-26.68,-17.57
550.0,-17.10,-20.54,-13.67
600.0,-15.48,-18.30,-12.66
650.0,-12.70,-14.57,-10.83
700.0,-11.36,-12.71,-10.01
750.0,-11.25,-12.43,-10.07
800.0,-10.70,-11.46,-9.95
850.0,-10.48,-11.17,-9.80
900.0,-10.23,-10.69,-9.77
950.0,-10.00,-10.00,-10.00
1000.0,-10.37,-10.90,-9.85
1050.0,-10.91,-11.75,-10.07
1100.0,-10.00,-10.00,-10.00
1150.0,-10.13,-10.39,-9.87
1200.0,-10.19,-10.58,-9.80
1250.0,-10.37,-10.91,-9.84
1300.0,-10.20,-10.47,-9.92
1350.0,-10.26,-10.65,-9.87
1400.0,-10.38,-10.83,-9.92
1450.0,-10.39,-11.08,-9.71
1500.0,-10.17,-10.50,-9.84
1550.0,-9.99,-10.01,-9.98
1600.0,-10.06,-10.18,-9.94
1650.0,-10.37,-10.81,-9.92
1700.0,-10.02,-10.10,-9.94
1750.0,-9.99,-10.01,-9.96
1800.0,-9.99,-10.01,-9.96
1850.0,-9.91,-9.98,-9.85
1900.0,-9.96,-10.01,-9.91
1950.0,-9.92,-9.98,-9.85
2000.0,-9.86,-9.95,-9.77
2050.0,-9.83,-9.93,-9.73
2100.0,-9.66,-9.80,-9.52
2150.0,-9.69,-9.82,-9.56
2200.0,-9.45,-9.63,-9.28
2250.0,-9.19,-9.40,-8.98
2300.0,-8.95,-9.19,-8.72
2350.0,-8.19,-8.49,-7.88
2400.0,-7.62,-7.97,-7.27
2450.0,-6.71,-7.11,-6.31
2500.0,-5.72,-6.17,-5.27
2550.0,-4.08,-4.59,-3.57
2600.0,-2.89,-3.43,-2.35
2650.0,-0.48,-1.07,0.12
2700.0,1.83,1.21,2.45
2750.0,4.67,4.05,5.30
2800.0,6.75,6.13,7.36
2850.0,9.28,8.69,9.86
2900.0,12.03,11.50,12.55
2950.0,13.27,12.79,13.75
3000.0,15.00,14.60,15.41
3050.0,16.30,15.97,16.62
3100.0,17.12,16.86,17.38
3150.0,17.79,17.61,17.97
3200.0,18.00,17.86,18.14
3250.0,18.23,18.14,18.32
3300.0,18.34,18.30,18.38
3350.0,18.36,18.33,18.38
3400.0,18.37,18.37,18.37
3450.0,18.37,18.37,18.37
3500.0,18.37,18.37,18.37
3550.0,18.37,18.37,18.37
3600.0,18.37,18.37,18.37
3650.0,18.37,18.37,18.37
3700.0,18.37,18.37,18.37
3750.0,18.37,18.37,18.37
3800.0,18.36,18.33,18.38
3850.0,18.36,18.33,18.38
3900.0,18.36,18.33,18.38
3950.0,18.37,18.37,18.37
4000.0,18.37,18.37,18.37
4050.0,18.37,18.37,18.37
4100.0,18.36,18.33,18.38
4150.0,18.36,18.33,18.38
4200.0,18.37,18.37,18.37
4250.0,18.37,18.37,18.37
4300.0,18.36,18.33,18.38
4350.0,18.37,18.37,18.37
4400.0,18.37,18.37,18.37
4450.0,18.37,18.37,18.37
4500.0,18.37,18.37,18.37
4550.0,18.37,18.37,18.37
4600.0,18.37,18.37,18.37
4650.0,18.37,18.37,18.37
4700.0,18.37,18.37,18.37
4750.0,18.37,18.37,18.37
4800.0,18.37,18.37,18.37
4850.0,18.37,18.37,18.37
4900.0,18.37,18.37,18.37
4950.0,18.36,18.33,18.38
5000.0,18.37,18.37,18.37
5050.0,18.36,18.33,18.38
5100.0,18.36,18.33,18.38
5150.0,18.37,18.37,18.37
5200.0,18.37,18.37,18.37
5250.0,18.37,18.37,18.37
5300.0,18.37,18.37,18.37
5350.0,18.37,18.37,18.37
5400.0,18.36,18.33,18.38
5450.0,18.37,18.37,18.37
5500.0,18.37,18.37,18.37
5550.0,18.37,18.37,18.37
5600.0,18.37,18.37,18.37
5650.0,18.37,18.37,18.37
5700.0,18.37,18.37,18.37
5750.0,18.37,18.37,18.37
5800.0,18.37,18.37,18.37
5850.0,18.37,18.37,18.37
5900.0,18.37,18.37,18.37
5950.0,18.37,18.37,18.37
6000.0,18.36,18.33,18.38
6050.0,18.36,18.33,18.38
6100.0,18.36,18.33,18.38
6150.0,18.36,18.33,18.38
6200.0,18.37,18.37,18.37
6250.0,18.36,18.33,18.38
6300.0,18.36,18.33,18.38
6350.0,18.36,18.33,18.38
6400.0,18.37,18.37,18.37
6450.0,18.36,18.33,18.38
6500.0,18.36,18.33,18.38
6550.0,18.36,18.33,18.38
6600.0,18.37,18.37,18.37
6650.0,18.36,18.33,18.38
6700.0,18.36,18.33,18.38
6750.0,18.36,18.33,18.38
6800.0,18.37,18.37,18.37
6850.0,18.36,18.33,18.38
6900.0,18.36,18.33,18.38
6950.0,18.36,18.33,18.38
7000.0,18.37,18.37,18.37
7050.0,18.37,18.37,18.37
7100.0,18.37,18.37,18.37
7150.0,18.37,18.37,18.37
7200.0,18.37,18.37,18.37
7250.0,18.37,18.37,18.37
7300.0,18.37,18.37,18.37
7350.0,18.36,18.33,18.38
7400.0,18.36,18.33,18.38
7450.0,18.36,18.33,18.38
7500.0,18.36,18.33,18.38
7550.0,18.36,18.33,18.38
7600.0,18.36,18.33,18.38
7650.0,18.36,18.33,18.38
7700.0,18.36,18.33,18.38
7750.0,18.36,18.33,18.38
7800.0,18.36,18.33,18.38
7850.0,18.34,18.30,18.38
7900.0,18.34,18.30,18.38
7950.0,18.34,18.30,18.38
8000.0,18.34,18.30,18.38
