step,mean,ci_down,ci_up
0.0,28.75,24.92,32.57
2000.0,79.16,72.38,85.93
4000.0,137.92,127.69,148.15
6000.0,211.30,201.95,220.65
8000.0,293.18,283.58,302.78
10000.0,377.59,368.67,386.50
12000.0,473.27,464.10,482.45
14000.0,571.56,562.79,580.33
16000.0,671.94,658.13,685.76
18000.0,771.75,751.80,791.69
20000.0,879.05,850.11,907.99
22000.0,980.27,950.57,1009.96
24000.0,1080.07,1051.78,1108.35
26000.0,1177.66,1143.85,1211.48
28000.0,1278.60,1239.03,1318.17
30000.0,1382.51,1339.59,1425.44
32000.0,1485.04,1445.35,1524.73
34000.0,1591.12,1552.13,1630.12
36000.0,1692.79,1652.66,1732.92
38000.0,1793.27,1746.70,1839.84
40000.0,1895.47,1847.99,1942.94
42000.0,1994.31,1948.40,2040.21
44000.0,2099.94,2059.57,2140.30
46000.0,2212.79,2169.79,2255.78
48000.0,2319.67,2283.19,2356.15
50000.0,2431.44,2386.91,2475.97
52000.0,2545.31,2496.51,2594.11
54000.0,2651.97,2601.15,2702.79
56000.0,2752.09,2703.26,2800.92
58000.0,2851.50,2803.15,2899.85
60000.0,2961.47,2913.69,3009.26
62000.0,3067.21,3012.96,3121.45
64000.0,3171.75,3108.79,3234.70
66000.0,3285.85,3220.74,3350.96
68000.0,3391.80,3323.83,3459.76
70000.0,3507.70,3434.75,3580.65
72000.0,3606.31,3531.26,3681.37
74000.0,3720.03,3643.83,3796.22
76000.0,3829.49,3752.63,3906.35
78000.0,3940.67,3865.39,4015.96
80000.0,4057.50,3982.16,4132.85
82000.0,4156.79,4080.82,4232.75
84000.0,4264.54,4175.96,4353.13
86000.0,4371.41,4273.35,4469.48
88000.0,4473.47,4376.87,4570.08
90000.0,4574.76,4478.87,4670.65
92000.0,4675.90,4577.46,4774.34
94000.0,4785.87,4685.48,4886.26
96000.0,4891.65,4786.28,4997.01
98000.0,5005.28,4905.08,5105.49
