step,mean,ci_down,ci_up
10000.0,15.96,14.16,17.75
12000.0,32.42,29.53,35.30
14000.0,48.65,45.25,52.04
16000.0,65.52,61.46,69.58
18000.0,80.90,76.34,85.45
20000.0,96.83,91.53,102.13
22000.0,113.23,107.15,119.30
24000.0,130.23,123.44,137.02
26000.0,147.12,139.73,154.52
28000.0,163.73,155.80,171.66
30000.0,179.19,170.79,187.58
32000.0,195.25,186.52,203.98
34000.0,211.19,202.29,220.09
36000.0,227.71,218.54,236.88
38000.0,243.56,233.92,253.21
40000.0,258.83,249.19,268.48
42000.0,276.52,266.70,286.34
44000.0,292.98,282.47,303.49
46000.0,310.62,299.79,321.46
48000.0,327.73,316.48,338.98
50000.0,345.42,333.89,356.94
52000.0,363.17,351.19,375.14
54000.0,379.56,366.81,392.31
56000.0,398.46,385.03,411.88
58000.0,416.38,402.45,430.30
60000.0,433.33,419.03,447.63
62000.0,450.00,435.27,464.73
64000.0,467.62,452.19,483.06
66000.0,485.08,469.23,500.94
68000.0,503.08,486.42,519.75
70000.0,519.33,502.21,536.46
72000.0,536.69,519.18,554.19
74000.0,554.15,536.41,571.88
76000.0,572.44,554.40,590.47
78000.0,588.62,570.50,606.75
80000.0,606.04,587.69,624.39
82000.0,622.79,604.13,641.46
84000.0,641.10,621.79,660.42
86000.0,659.52,640.05,679.00
88000.0,677.71,657.69,697.72
90000.0,696.67,676.61,716.72
92000.0,714.35,694.13,734.58
94000.0,732.62,712.10,753.15
96000.0,749.85,728.84,770.87
98000.0,767.29,745.95,788.64
100000.0,785.21,763.58,806.84
