step,mean,ci_down,ci_up
10000.0,-0.02,-0.02,-0.02
12000.0,-0.03,-0.04,-0.03
14000.0,-0.05,-0.06,-0.04
16000.0,-0.06,-0.07,-0.05
18000.0,-0.07,-0.08,-0.05
20000.0,-0.07,-0.09,-0.06
22000.0,-0.08,-0.09,-0.07
24000.0,-0.08,-0.10,-0.07
26000.0,-0.09,-0.10,-0.08
28000.0,-0.09,-0.11,-0.08
30000.0,-0.10,-0.11,-0.09
32000.0,-0.11,-0.12,-0.09
34000.0,-0.11,-0.13,-0.10
36000.0,-0.11,-0.13,-0.10
38000.0,-0.12,-0.13,-0.10
40000.0,-0.12,-0.14,-0.10
42000.0,-0.12,-0.14,-0.11
44000.0,-0.13,-0.15,-0.11
46000.0,-0.13,-0.15,-0.11
48000.0,-0.13,-0.15,-0.11
50000.0,-0.13,-0.15,-0.11
52000.0,-0.13,-0.15,-0.12
54000.0,-0.14,-0.16,-0.12
56000.0,-0.14,-0.16,-0.12
58000.0,-0.14,-0.16,-0.12
60000.0,-0.14,-0.16,-0.12
62000.0,-0.14,-0.17,-0.12
64000.0,-0.15,-0.17,-0.13
66000.0,-0.15,-0.17,-0.13
68000.0,-0.15,-0.17,-0.13
70000.0,-0.15,-0.18,-0.13
72000.0,-0.16,-0.18,-0.13
74000.0,-0.16,-0.18,-0.13
76000.0,-0.16,-0.19,-0.14
78000.0,-0.16,-0.19,-0.14
80000.0,-0.17,-0.19,-0.14
82000.0,-0.17,-0.20,-0.14
84000.0,-0.17,-0.20,-0.14
86000.0,-0.18,-0.21,-0.15
88000.0,-0.18,-0.21,-0.15
90000.0,-0.18,-0.22,-0.15
92000.0,-0.18,-0.22,-0.15
94000.0,-0.19,-0.22,-0.15
96000.0,-0.19,-0.23,-0.16
98000.0,-0.19,-0.23,-0.16
100000.0,-0.20,-0.23,-0.16
