step,mean,ci_down,ci_up
0.0,-0.12,-0.15,-0.10
2000.0,-0.18,-0.19,-0.16
4000.0,-0.23,-0.24,-0.21
6000.0,-0.25,-0.26,-0.23
8000.0,-0.26,-0.28,-0.24
10000.0,-0.27,-0.29,-0.25
12000.0,-0.28,-0.30,-0.26
14000.0,-0.29,-0.30,-0.27
16000.0,-0.29,-0.31,-0.28
18000.0,-0.30,-0.32,-0.28
20000.0,-0.30,-0.32,-0.28
22000.0,-0.30,-0.32,-0.28
24000.0,-0.31,-0.33,-0.29
26000.0,-0.31,-0.33,-0.29
28000.0,-0.32,-0.34,-0.30
30000.0,-0.32,-0.34,-0.30
32000.0,-0.33,-0.35,-0.30
34000.0,-0.33,-0.35,-0.30
36000.0,-0.33,-0.36,-0.30
38000.0,-0.34,-0.36,-0.31
40000.0,-0.34,-0.36,-0.31
42000.0,-0.34,-0.37,-0.31
44000.0,-0.34,-0.37,-0.31
46000.0,-0.34,-0.37,-0.31
48000.0,-0.34,-0.37,-0.31
50000.0,-0.34,-0.37,-0.31
52000.0,-0.34,-0.37,-0.31
54000.0,-0.34,-0.37,-0.31
56000.0,-0.34,-0.37,-0.31
58000.0,-0.34,-0.37,-0.31
60000.0,-0.34,-0.37,-0.31
62000.0,-0.34,-0.37,-0.31
64000.0,-0.34,-0.37,-0.31
66000.0,-0.34,-0.37,-0.31
68000.0,-0.34,-0.37,-0.31
70000.0,-0.34,-0.38,-0.31
72000.0,-0.34,-0.38,-0.31
74000.0,-0.35,-0.38,-0.31
76000.0,-0.35,-0.38,-0.32
78000.0,-0.35,-0.38,-0.32
80000.0,-0.35,-0.39,-0.32
82000.0,-0.36,-0.39,-0.32
84000.0,-0.36,-0.39,-0.32
86000.0,-0.36,-0.40,-0.32
88000.0,-0.36,-0.40,-0.32
90000.0,-0.36,-0.40,-0.32
92000.0,-0.36,-0.40,-0.32
94000.0,-0.36,-0.40,-0.32
96000.0,-0.36,-0.40,-0.32
98000.0,-0.36,-0.40,-0.32
