step,mean,ci_down,ci_up
0.0,2.17,1.65,2.68
2000.0,8.84,7.55,10.13
4000.0,12.10,10.83,13.38
6000.0,14.25,12.88,15.62
8000.0,15.96,14.46,17.46
10000.0,16.60,15.09,18.11
12000.0,16.46,15.29,17.63
14000.0,16.86,15.54,18.18
16000.0,15.42,14.31,16.53
18000.0,15.94,14.49,17.39
20000.0,16.46,15.13,17.79
22000.0,17.00,15.55,18.45
24000.0,16.92,15.64,18.20
26000.0,16.52,15.07,17.97
28000.0,15.70,14.33,17.07
30000.0,16.34,15.05,17.63
32000.0,16.24,14.88,17.60
34000.0,16.80,15.31,18.29
36000.0,16.20,14.99,17.41
38000.0,15.30,14.18,16.42
40000.0,17.64,16.34,18.94
42000.0,16.46,14.96,17.96
44000.0,17.70,16.19,19.21
46000.0,17.04,15.49,18.59
48000.0,17.88,16.49,19.27
50000.0,17.84,16.29,19.39
52000.0,16.56,15.21,17.91
54000.0,18.94,17.50,20.38
56000.0,17.84,16.43,19.25
58000.0,17.02,15.73,18.31
60000.0,16.62,15.23,18.01
62000.0,17.50,15.80,19.20
64000.0,17.14,15.62,18.66
66000.0,18.02,16.46,19.58
68000.0,16.00,14.62,17.38
70000.0,17.40,16.09,18.71
72000.0,17.80,16.47,19.13
74000.0,18.26,17.04,19.48
76000.0,16.36,15.13,17.59
78000.0,17.54,16.26,18.82
80000.0,16.94,15.42,18.46
82000.0,18.14,16.46,19.82
84000.0,18.28,16.97,19.59
86000.0,18.14,16.87,19.41
88000.0,18.84,17.52,20.16
90000.0,17.60,16.15,19.05
92000.0,17.88,16.53,19.23
94000.0,17.34,15.92,18.76
96000.0,17.08,15.63,18.53
98000.0,17.70,16.29,19.11
