step,mean,ci_down,ci_up
2000.0,28.75,25.55,31.94
4000.0,48.05,44.75,51.34
6000.0,63.98,60.26,67.70
8000.0,77.41,74.05,80.77
10000.0,83.43,80.35,86.52
12000.0,87.24,84.02,90.47
14000.0,91.56,88.57,94.55
16000.0,93.37,90.44,96.29
18000.0,98.54,95.19,101.90
20000.0,101.17,98.26,104.08
22000.0,104.24,101.44,107.05
24000.0,104.25,101.07,107.44
26000.0,101.85,99.21,104.49
28000.0,100.03,96.57,103.48
30000.0,103.60,100.55,106.66
32000.0,104.19,100.95,107.42
34000.0,102.26,99.19,105.33
36000.0,103.87,101.19,106.55
38000.0,106.07,103.42,108.72
40000.0,106.26,103.02,109.49
42000.0,106.53,103.69,109.37
44000.0,104.01,100.51,107.52
46000.0,106.83,103.61,110.04
48000.0,106.60,103.41,109.79
50000.0,107.40,104.50,110.31
52000.0,109.27,106.09,112.44
54000.0,109.58,106.14,113.02
56000.0,105.84,103.05,108.62
58000.0,103.82,101.41,106.22
60000.0,107.56,104.60,110.51
62000.0,111.83,109.36,114.30
64000.0,109.90,107.13,112.68
66000.0,109.76,106.72,112.81
68000.0,109.74,106.84,112.64
70000.0,107.45,104.80,110.10
72000.0,108.20,105.21,111.19
74000.0,106.43,103.22,109.64
76000.0,109.99,107.30,112.68
78000.0,109.61,106.90,112.31
80000.0,107.68,103.99,111.37
82000.0,109.31,106.04,112.57
84000.0,103.12,99.69,106.54
86000.0,104.44,101.29,107.58
88000.0,107.74,105.04,110.45
90000.0,104.85,101.74,107.96
92000.0,108.23,104.99,111.46
94000.0,105.67,102.39,108.94
96000.0,110.12,106.99,113.26
98000.0,110.26,107.49,113.02
100000.0,109.15,105.89,112.40
