step,mean,ci_down,ci_up
0.0,129.00,129.00,129.00
50.0,331.00,331.00,331.00
100.0,533.00,533.00,533.00
150.0,735.00,735.00,735.00
200.0,937.00,937.00,937.00
250.0,1139.00,1139.00,1139.00
300.0,1341.00,1341.00,1341.00
350.0,1543.00,1543.00,1543.00
400.0,1745.00,1745.00,1745.00
450.0,1947.00,1947.00,1947.00
500.0,2149.00,2149.00,2149.00
550.0,2351.00,2351.00,2351.00
600.0,2553.00,2553.00,2553.00
650.0,2755.00,2755.00,2755.00
700.0,2957.00,2957.00,2957.00
750.0,3159.00,3159.00,3159.00
800.0,3361.00,3361.00,3361.00
850.0,3563.00,3563.00,3563.00
900.0,3765.00,3765.00,3765.00
950.0,3967.00,3967.00,3967.00
1000.0,4169.00,4169.00,4169.00
1050.0,4371.00,4371.00,4371.00
1100.0,4573.00,4573.00,4573.00
1150.0,4775.00,4775.00,4775.00
1200.0,4977.00,4977.00,4977.00
1250.0,5179.00,5179.00,5179.00
1300.0,5381.00,5381.00,5381.00
1350.0,5583.00,5583.00,5583.00
1400.0,5785.00,5785.00,5785.00
1450.0,5987.00,5987.00,5987.00
1500.0,6189.00,6189.00,6189.00
1550.0,6391.00,6391.00,6391.00
1600.0,6593.00,6593.00,6593.00
1650.0,6795.00,6795.00,6795.00
1700.0,6997.00,6997.00,6997.00
1750.0,7199.00,7199.00,7199.00
1800.0,7401.00,7401.00,7401.00
1850.0,7603.00,7603.00,7603.00
1900.0,7805.00,7805.00,7805.00
1950.0,8007.00,8007.00,8007.00
2000.0,8209.00,8209.00,8209.00
2050.0,8411.00,8411.00,8411.00
2100.0,8613.00,8613.00,8613.00
2150.0,8815.00,8815.00,8815.00
2200.0,9017.00,9017.00,9017.00
2250.0,9219.00,9219.00,9219.00
2300.0,9421.00,9421.00,9421.00
2350.0,9623.00,9623.00,9623.00
2400.0,9825.00,9825.00,9825.00
2450.0,10027.00,10027.00,10027.00
2500.0,10047.00,10047.00,10047.00
2550.0,10067.00,10067.00,10067.00
2600.0,10087.00,10087.00,10087.00
2650.0,10107.00,10107.00,10107.00
2700.0,10127.00,10127.00,10127.00
2750.0,10147.00,10147.00,10147.00
2800.0,10167.00,10167.00,10167.00
2850.0,10187.00,10187.00,10187.00
2900.0,10207.00,10207.00,10207.00
2950.0,10227.00,10227.00,10227.00
3000.0,10247.00,10247.00,10247.00
3050.0,10267.00,10267.00,10267.00
3100.0,10287.00,10287.00,10287.00
3150.0,10307.00,10307.00,10307.00
3200.0,10327.00,10327.00,10327.00
3250.0,10347.00,10347.00,10347.00
3300.0,10367.00,10367.00,10367.00
3350.0,10387.00,10387.00,10387.00
3400.0,10407.00,10407.00,10407.00
3450.0,10427.00,10427.00,10427.00
3500.0,10447.00,10447.00,10447.00
3550.0,10467.00,10467.00,10467.00
3600.0,10487.00,10487.00,10487.00
3650.0,10507.00,10507.00,10507.00
3700.0,10527.00,10527.00,10527.00
3750.0,10547.00,10547.00,10547.00
3800.0,10567.00,10567.00,10567.00
3850.0,10587.00,10587.00,10587.00
3900.0,10607.00,10607.00,10607.00
3950.0,10627.00,10627.00,10627.00
4000.0,10647.00,10647.00,10647.00
4050.0,10667.00,10667.00,10667.00
4100.0,10687.00,10687.00,10687.00
4150.0,10707.00,10707.00,10707.00
4200.0,10727.00,10727.00,10727.00
4250.0,10747.00,10747.00,10747.00
4300.0,10767.00,10767.00,10767.00
4350.0,10787.00,10787.00,10787.00
4400.0,10807.00,10807.00,10807.00
4450.0,10827.00,10827.00,10827.00
4500.0,10847.00,10847.00,10847.00
4550.0,10867.00,10867.00,10867.00
4600.0,10887.00,10887.00,10887.00
4650.0,10907.00,10907.00,10907.00
4700.0,10927.00,10927.00,10927.00
4750.0,10947.00,10947.00,10947.00
4800.0,10967.00,10967.00,10967.00
4850.0,10987.00,10987.00,10987.00
4900.0,11007.00,11007.00,11007.00
4950.0,11027.00,11027.00,11027.00
5000.0,11047.00,11047.00,11047.00
5050.0,11067.00,11067.00,11067.00
5100.0,11087.00,11087.00,11087.00
5150.0,11107.00,11107.00,11107.00
5200.0,11127.00,11127.00,11127.00
5250.0,11147.00,11147.00,11147.00
5300.0,11167.00,11167.00,11167.00
5350.0,11187.00,11187.00,11187.00
5400.0,11207.00,11207.00,11207.00
5450.0,11227.00,11227.00,11227.00
5500.0,11247.00,11247.00,11247.00
5550.0,11267.00,11267.00,11267.00
5600.0,11287.00,11287.00,11287.00
5650.0,11307.00,11307.00,11307.00
5700.0,11327.00,11327.00,11327.00
5750.0,11347.00,11347.00,11347.00
5800.0,11367.00,11367.00,11367.00
5850.0,11387.00,11387.00,11387.00
5900.0,11407.00,11407.00,11407.00
5950.0,11427.00,11427.00,11427.00
6000.0,11447.00,11447.00,11447.00
6050.0,11467.00,11467.00,11467.00
6100.0,11487.00,11487.00,11487.00
6150.0,11507.00,11507.00,11507.00
6200.0,11527.00,11527.00,11527.00
6250.0,11547.00,11547.00,11547.00
6300.0,11567.00,11567.00,11567.00
6350.0,11587.00,11587.00,11587.00
6400.0,11607.00,11607.00,11607.00
6450.0,11627.00,11627.00,11627.00
6500.0,11647.00,11647.00,11647.00
6550.0,11667.00,11667.00,11667.00
6600.0,11687.00,11687.00,11687.00
6650.0,11707.00,11707.00,11707.00
6700.0,11727.00,11727.00,11727.00
6750.0,11747.00,11747.00,11747.00
6800.0,11767.00,11767.00,11767.00
6850.0,11787.00,11787.00,11787.00
6900.0,11807.00,11807.00,11807.00
6950.0,11827.00,11827.00,11827.00
7000.0,11847.00,11847.00,11847.00
7050.0,11867.00,11867.00,11867.00
7100.0,11887.00,11887.00,11887.00
7150.0,11907.00,11907.00,11907.00
7200.0,11927.00,11927.00,11927.00
7250.0,11947.00,11947.00,11947.00
7300.0,11967.00,11967.00,11967.00
7350.0,11987.00,11987.00,11987.00
7400.0,12007.00,12007.00,12007.00
7450.0,12027.00,12027.00,12027.00
7500.0,12047.00,12047.00,12047.00
7550.0,12067.00,12067.00,12067.00
7600.0,12087.00,12087.00,12087.00
7650.0,12107.00,12107.00,12107.00
7700.0,12127.00,12127.00,12127.00
7750.0,12147.00,12147.00,12147.00
7800.0,12167.00,12167.00,12167.00
7850.0,12187.00,12187.00,12187.00
7900.0,12207.00,12207.00,12207.00
7950.0,12227.00,12227.00,12227.00
