step,mean,ci_down,ci_up
10000.0,44.20,44.20,44.20
12000.0,104.42,104.42,104.42
14000.0,180.41,180.41,180.41
16000.0,232.79,232.79,232.79
18000.0,311.35,311.35,311.35
20000.0,402.53,402.53,402.53
22000.0,494.54,494.54,494.54
24000.0,575.71,575.71,575.71
26000.0,683.46,683.46,683.46
28000.0,761.15,761.15,761.15
30000.0,837.54,837.54,837.54
32000.0,918.36,918.36,918.36
34000.0,1008.59,1008.59,1008.59
36000.0,1062.47,1062.47,1062.47
38000.0,1102.29,1102.29,1102.29
40000.0,1156.42,1156.42,1156.42
42000.0,1218.07,1218.07,1218.07
44000.0,1279.16,1279.16,1279.16
46000.0,1374.04,1374.04,1374.04
48000.0,1444.49,1444.49,1444.49
50000.0,1531.20,1531.20,1531.20
52000.0,1612.56,1612.56,1612.56
54000.0,1687.31,1687.31,1687.31
56000.0,1752.06,1752.06,1752.06
58000.0,1843.14,1843.14,1843.14
60000.0,1935.69,1935.69,1935.69
62000.0,2020.89,2020.89,2020.89
64000.0,2110.82,2110.82,2110.82
66000.0,2225.30,2225.30,2225.30
68000.0,2318.99,2318.99,2318.99
70000.0,2406.00,2406.00,2406.00
72000.0,2501.33,2501.33,2501.33
74000.0,2598.55,2598.55,2598.55
76000.0,2695.04,2695.04,2695.04
78000.0,2785.33,2785.33,2785.33
80000.0,2910.33,2910.33,2910.33
82000.0,3011.21,3011.21,3011.21
84000.0,3119.45,3119.45,3119.45
86000.0,3219.24,3219.24,3219.24
88000.0,3325.33,3325.33,3325.33
90000.0,3441.15,3441.15,3441.15
92000.0,3522.38,3522.38,3522.38
94000.0,3625.77,3625.77,3625.77
96000.0,3748.20,3748.20,3748.20
98000.0,3842.27,3842.27,3842.27
100000.0,3914.34,3914.34,3914.34
