step,mean,ci_down,ci_up
10000.0,9.00,9.00,9.00
12000.0,8.00,1.96,14.04
14000.0,9.00,9.00,9.00
16000.0,8.50,5.48,11.52
18000.0,16.50,13.48,19.52
20000.0,12.00,3.94,20.06
22000.0,15.00,2.92,27.08
24000.0,14.67,9.97,19.37
26000.0,11.00,2.45,19.55
28000.0,11.50,3.90,19.10
30000.0,15.80,12.65,18.95
32000.0,15.80,11.37,20.23
34000.0,15.20,7.79,22.61
36000.0,13.00,9.14,16.86
38000.0,13.25,7.43,19.07
40000.0,13.25,7.58,18.92
42000.0,17.86,14.33,21.39
44000.0,12.38,8.79,15.96
46000.0,13.62,10.42,16.83
48000.0,13.89,8.80,18.97
50000.0,16.44,13.35,19.54
52000.0,18.33,12.37,24.30
54000.0,17.60,12.65,22.55
56000.0,15.60,12.03,19.17
58000.0,16.80,13.51,20.09
60000.0,15.30,13.26,17.34
62000.0,18.70,15.85,21.55
64000.0,14.67,11.10,18.24
66000.0,13.56,9.60,17.51
68000.0,13.22,9.99,16.46
70000.0,17.44,13.54,21.35
72000.0,16.56,12.76,20.36
74000.0,16.11,13.08,19.14
76000.0,14.11,10.43,17.80
78000.0,16.44,13.35,19.54
80000.0,14.22,10.16,18.29
82000.0,13.00,8.37,17.63
84000.0,13.89,10.47,17.30
86000.0,14.67,11.88,17.46
88000.0,17.00,12.56,21.44
90000.0,15.22,10.31,20.13
92000.0,16.11,12.66,19.56
94000.0,16.44,13.28,19.61
96000.0,12.33,8.45,16.22
98000.0,17.22,14.01,20.44
100000.0,16.11,12.66,19.56
