step,mean,ci_down,ci_up
12000.0,-0.04,-0.04,-0.04
14000.0,-0.16,-0.16,-0.16
16000.0,-0.26,-0.26,-0.26
18000.0,-0.27,-0.27,-0.27
20000.0,-0.29,-0.29,-0.29
22000.0,-0.30,-0.30,-0.30
24000.0,-0.32,-0.32,-0.32
26000.0,-0.34,-0.34,-0.34
28000.0,-0.35,-0.35,-0.35
30000.0,-0.37,-0.37,-0.37
32000.0,-0.38,-0.38,-0.38
34000.0,-0.39,-0.39,-0.39
36000.0,-0.40,-0.40,-0.40
38000.0,-0.41,-0.41,-0.41
40000.0,-0.42,-0.42,-0.42
42000.0,-0.47,-0.47,-0.47
44000.0,-0.52,-0.52,-0.52
46000.0,-0.57,-0.57,-0.57
48000.0,-0.59,-0.59,-0.59
50000.0,-0.63,-0.63,-0.63
52000.0,-0.66,-0.66,-0.66
54000.0,-0.68,-0.68,-0.68
56000.0,-0.70,-0.70,-0.70
58000.0,-0.71,-0.71,-0.71
60000.0,-0.72,-0.72,-0.72
62000.0,-0.73,-0.73,-0.73
64000.0,-0.75,-0.75,-0.75
66000.0,-0.76,-0.76,-0.76
68000.0,-0.77,-0.77,-0.77
70000.0,-0.78,-0.78,-0.78
72000.0,-0.79,-0.79,-0.79
74000.0,-0.80,-0.80,-0.80
76000.0,-0.81,-0.81,-0.81
78000.0,-0.82,-0.82,-0.82
80000.0,-0.83,-0.83,-0.83
82000.0,-0.84,-0.84,-0.84
84000.0,-0.86,-0.86,-0.86
86000.0,-0.87,-0.87,-0.87
88000.0,-0.88,-0.88,-0.88
90000.0,-0.89,-0.89,-0.89
92000.0,-0.91,-0.91,-0.91
94000.0,-0.91,-0.91,-0.91
96000.0,-0.91,-0.91,-0.91
98000.0,-0.92,-0.92,-0.92
100000.0,-0.93,-0.93,-0.93
