step,mean,ci_down,ci_up
12000.0,13.00,13.00,13.00
14000.0,6.33,-1.01,13.68
16000.0,6.33,3.37,9.30
18000.0,11.50,5.35,17.65
20000.0,11.40,6.84,15.96
22000.0,11.67,8.52,14.82
24000.0,9.25,5.46,13.04
26000.0,12.25,9.58,14.92
28000.0,12.88,9.99,15.76
30000.0,11.12,8.48,13.77
32000.0,12.60,8.94,16.26
34000.0,12.83,9.31,16.36
36000.0,12.83,10.44,15.23
38000.0,14.00,11.43,16.57
40000.0,12.87,9.54,16.19
42000.0,12.56,9.74,15.38
44000.0,13.40,11.61,15.19
46000.0,11.00,8.57,13.43
48000.0,13.62,11.32,15.93
50000.0,14.69,12.39,17.00
52000.0,14.07,12.18,15.96
54000.0,16.71,14.57,18.86
56000.0,13.83,12.28,15.37
58000.0,13.21,11.58,14.84
60000.0,15.24,13.61,16.87
62000.0,14.90,13.25,16.54
64000.0,15.59,14.08,17.10
66000.0,16.48,14.69,18.27
68000.0,17.31,15.14,19.48
70000.0,15.90,14.32,17.47
72000.0,14.00,12.19,15.81
74000.0,14.79,12.87,16.70
76000.0,15.64,14.21,17.07
78000.0,17.04,14.94,19.13
80000.0,15.68,13.85,17.51
82000.0,14.14,12.57,15.72
84000.0,15.59,13.86,17.32
86000.0,16.81,14.87,18.76
88000.0,18.22,16.13,20.32
90000.0,16.78,14.81,18.75
92000.0,16.89,15.02,18.75
94000.0,17.78,16.03,19.52
96000.0,16.41,14.60,18.21
98000.0,18.31,16.51,20.11
100000.0,18.27,15.84,20.70
