step,mean,ci_down,ci_up
10000.0,-0.03,-0.05,-0.01
12000.0,-0.05,-0.08,-0.03
14000.0,-0.07,-0.10,-0.04
16000.0,-0.09,-0.13,-0.05
18000.0,-0.10,-0.15,-0.05
20000.0,-0.12,-0.19,-0.06
22000.0,-0.14,-0.22,-0.06
24000.0,-0.16,-0.25,-0.07
26000.0,-0.20,-0.30,-0.10
28000.0,-0.23,-0.33,-0.13
30000.0,-0.26,-0.35,-0.17
32000.0,-0.29,-0.39,-0.20
34000.0,-0.34,-0.43,-0.24
36000.0,-0.37,-0.47,-0.26
38000.0,-0.39,-0.50,-0.28
40000.0,-0.41,-0.53,-0.30
42000.0,-0.43,-0.55,-0.31
44000.0,-0.44,-0.56,-0.32
46000.0,-0.45,-0.57,-0.32
48000.0,-0.45,-0.57,-0.33
50000.0,-0.45,-0.58,-0.33
52000.0,-0.46,-0.58,-0.34
54000.0,-0.47,-0.59,-0.34
56000.0,-0.47,-0.59,-0.35
58000.0,-0.47,-0.59,-0.35
60000.0,-0.48,-0.59,-0.36
62000.0,-0.48,-0.60,-0.36
64000.0,-0.48,-0.61,-0.36
66000.0,-0.49,-0.61,-0.36
68000.0,-0.49,-0.62,-0.37
70000.0,-0.50,-0.62,-0.37
72000.0,-0.51,-0.63,-0.39
74000.0,-0.52,-0.63,-0.40
76000.0,-0.52,-0.64,-0.40
78000.0,-0.53,-0.65,-0.41
80000.0,-0.53,-0.65,-0.41
82000.0,-0.53,-0.66,-0.41
84000.0,-0.54,-0.66,-0.41
86000.0,-0.54,-0.66,-0.42
88000.0,-0.54,-0.67,-0.42
90000.0,-0.55,-0.67,-0.42
92000.0,-0.55,-0.68,-0.42
94000.0,-0.55,-0.68,-0.42
96000.0,-0.56,-0.69,-0.43
98000.0,-0.56,-0.69,-0.43
100000.0,-0.57,-0.70,-0.43
