step,mean,ci_down,ci_up
10000.0,14.44,10.21,18.68
12000.0,27.00,21.36,32.64
14000.0,39.11,33.18,45.04
16000.0,49.89,43.78,56.00
18000.0,66.22,58.63,73.82
20000.0,84.89,75.90,93.87
22000.0,99.89,87.99,111.79
24000.0,114.44,102.14,126.75
26000.0,127.56,115.83,139.29
28000.0,141.11,129.79,152.43
30000.0,152.89,142.05,163.73
32000.0,169.89,157.89,181.89
34000.0,182.44,167.89,197.00
36000.0,195.44,180.68,210.21
38000.0,210.11,194.07,226.16
40000.0,225.89,206.85,244.93
42000.0,240.67,217.87,263.47
44000.0,255.67,231.25,280.08
46000.0,271.22,243.59,298.85
48000.0,288.22,259.49,316.95
50000.0,306.67,276.03,337.31
52000.0,324.89,292.36,357.42
54000.0,344.22,309.67,378.78
56000.0,362.00,323.73,400.27
58000.0,379.11,340.38,417.84
60000.0,398.89,357.94,439.84
62000.0,418.33,376.75,459.92
64000.0,435.00,392.23,477.77
66000.0,449.11,407.49,490.73
68000.0,465.56,422.95,508.16
70000.0,486.22,442.41,530.03
72000.0,504.11,457.99,550.23
74000.0,522.56,476.32,568.79
76000.0,541.56,497.14,585.97
78000.0,561.44,517.81,605.07
80000.0,579.78,536.63,622.92
82000.0,597.44,552.73,642.16
84000.0,615.00,568.66,661.34
86000.0,632.67,585.30,680.04
88000.0,650.11,600.67,699.55
90000.0,666.00,614.33,717.67
92000.0,683.00,630.16,735.84
94000.0,702.11,649.39,754.83
96000.0,720.22,665.35,775.09
98000.0,737.11,682.94,791.28
100000.0,757.67,702.91,812.43
