step,mean,ci_down,ci_up
0.0,45.83,18.40,73.25
2000.0,95.88,60.04,131.71
4000.0,162.18,117.32,207.03
6000.0,237.84,207.86,267.82
8000.0,327.49,291.61,363.38
10000.0,432.11,389.70,474.52
12000.0,537.37,483.29,591.44
14000.0,639.78,578.52,701.04
16000.0,731.73,677.20,786.26
18000.0,825.16,764.44,885.89
20000.0,924.01,853.38,994.65
22000.0,1023.20,935.28,1111.11
24000.0,1110.67,1000.32,1221.02
26000.0,1198.65,1072.61,1324.69
28000.0,1262.83,1100.17,1425.49
30000.0,1331.18,1143.65,1518.72
32000.0,1403.95,1194.29,1613.62
34000.0,1502.24,1280.67,1723.80
36000.0,1573.72,1345.16,1802.29
38000.0,1664.12,1417.25,1911.00
40000.0,1763.43,1514.13,2012.73
42000.0,1866.76,1613.06,2120.45
44000.0,1972.55,1716.10,2228.99
46000.0,2071.40,1807.87,2334.94
48000.0,2172.01,1904.99,2439.02
50000.0,2273.04,2000.24,2545.84
52000.0,2370.58,2093.37,2647.79
54000.0,2468.44,2192.26,2744.61
56000.0,2571.18,2300.08,2842.28
58000.0,2669.43,2394.82,2944.03
60000.0,2785.26,2513.02,3057.49
62000.0,2887.92,2618.44,3157.41
64000.0,3000.19,2738.86,3261.51
66000.0,3106.01,2849.69,3362.32
68000.0,3199.81,2965.97,3433.65
70000.0,3298.15,3072.70,3523.59
72000.0,3390.76,3180.13,3601.38
74000.0,3492.46,3289.16,3695.76
76000.0,3584.12,3377.64,3790.61
78000.0,3679.22,3476.54,3881.90
80000.0,3787.95,3587.16,3988.74
82000.0,3900.72,3706.69,4094.75
84000.0,4008.04,3816.08,4199.99
86000.0,4125.11,3936.48,4313.74
88000.0,4233.80,4040.57,4427.03
90000.0,4332.46,4139.53,4525.38
92000.0,4434.29,4244.91,4623.68
94000.0,4548.43,4362.13,4734.74
96000.0,4645.53,4460.96,4830.10
