step,mean,ci_down,ci_up
0.0,6.25,-0.18,12.68
2000.0,13.75,3.32,24.18
4000.0,26.50,18.91,34.09
6000.0,39.75,33.98,45.52
8000.0,51.50,46.54,56.46
10000.0,61.00,56.58,65.42
12000.0,71.75,66.16,77.34
14000.0,85.00,74.65,95.35
16000.0,104.75,93.22,116.28
18000.0,120.00,103.64,136.36
20000.0,134.25,117.34,151.16
22000.0,149.75,128.74,170.76
24000.0,163.00,139.14,186.86
26000.0,176.25,151.58,200.92
28000.0,186.50,163.10,209.90
30000.0,192.75,169.59,215.91
32000.0,203.25,182.09,224.41
34000.0,215.25,194.04,236.46
36000.0,228.00,205.72,250.28
38000.0,237.50,215.10,259.90
40000.0,249.75,227.09,272.41
42000.0,261.25,234.33,288.17
44000.0,277.00,243.31,310.69
46000.0,293.25,252.65,333.85
48000.0,308.75,269.70,347.80
50000.0,325.50,285.27,365.73
52000.0,337.75,295.80,379.70
54000.0,355.00,312.77,397.23
56000.0,371.25,331.11,411.39
58000.0,390.75,352.56,428.94
60000.0,404.25,368.47,440.03
62000.0,420.75,383.27,458.23
64000.0,435.75,398.03,473.47
66000.0,454.75,416.85,492.65
68000.0,467.75,422.86,512.64
70000.0,485.25,437.77,532.73
72000.0,506.75,455.72,557.78
74000.0,527.00,477.37,576.63
76000.0,546.50,493.52,599.48
78000.0,562.50,504.48,620.52
80000.0,578.25,517.04,639.46
82000.0,595.50,531.20,659.80
84000.0,614.00,538.94,689.06
86000.0,629.50,545.91,713.09
88000.0,648.25,556.99,739.51
90000.0,669.00,576.50,761.50
92000.0,684.25,589.71,778.79
94000.0,700.50,612.24,788.76
96000.0,721.75,634.72,808.78
