step,mean,ci_down,ci_up
10000.0,79.66,70.15,89.17
12000.0,89.44,81.19,97.69
14000.0,98.57,88.68,108.45
16000.0,94.26,83.19,105.33
18000.0,92.04,83.51,100.58
20000.0,90.14,81.86,98.43
22000.0,93.83,85.22,102.44
24000.0,87.56,76.37,98.76
26000.0,87.48,73.53,101.43
28000.0,78.86,64.50,93.22
30000.0,78.47,68.64,88.30
32000.0,82.63,73.62,91.64
34000.0,84.66,75.91,93.40
36000.0,87.61,79.88,95.33
38000.0,86.72,80.77,92.67
40000.0,84.24,77.83,90.65
42000.0,86.14,81.12,91.17
44000.0,93.43,87.91,98.95
46000.0,98.94,94.15,103.73
48000.0,99.39,94.64,104.13
50000.0,100.33,95.75,104.91
52000.0,101.38,97.41,105.35
54000.0,100.13,97.29,102.97
56000.0,101.26,96.93,105.60
58000.0,99.63,95.49,103.76
60000.0,101.15,97.47,104.83
62000.0,100.20,96.06,104.34
64000.0,106.71,101.35,112.07
66000.0,100.04,95.55,104.53
68000.0,103.16,99.63,106.69
70000.0,103.21,99.81,106.60
72000.0,103.91,99.66,108.16
74000.0,106.11,102.52,109.70
76000.0,101.12,97.78,104.46
78000.0,103.99,100.59,107.38
80000.0,102.76,100.29,105.23
82000.0,103.31,100.15,106.48
84000.0,104.97,102.00,107.93
86000.0,106.32,103.07,109.57
88000.0,108.44,105.03,111.85
90000.0,105.77,102.45,109.09
92000.0,108.24,104.96,111.51
94000.0,108.58,105.45,111.72
96000.0,103.88,100.41,107.35
98000.0,105.04,101.25,108.83
100000.0,102.40,99.58,105.21
