step,mean,ci_down,ci_up
0.0,-0.12,-0.13,-0.12
2000.0,-0.07,-0.08,-0.05
4000.0,-0.05,-0.06,-0.03
6000.0,-0.04,-0.05,-0.03
8000.0,-0.07,-0.09,-0.05
10000.0,-0.10,-0.14,-0.07
12000.0,-0.13,-0.18,-0.09
14000.0,-0.16,-0.22,-0.11
16000.0,-0.19,-0.25,-0.13
18000.0,-0.22,-0.29,-0.14
20000.0,-0.24,-0.32,-0.15
22000.0,-0.26,-0.35,-0.17
24000.0,-0.28,-0.38,-0.18
26000.0,-0.30,-0.41,-0.19
28000.0,-0.32,-0.44,-0.20
30000.0,-0.34,-0.47,-0.21
32000.0,-0.36,-0.50,-0.22
34000.0,-0.38,-0.53,-0.23
36000.0,-0.40,-0.55,-0.24
38000.0,-0.42,-0.58,-0.25
40000.0,-0.43,-0.60,-0.27
42000.0,-0.45,-0.62,-0.28
44000.0,-0.47,-0.65,-0.29
46000.0,-0.49,-0.68,-0.30
48000.0,-0.51,-0.70,-0.31
50000.0,-0.52,-0.72,-0.32
52000.0,-0.55,-0.77,-0.33
54000.0,-0.57,-0.79,-0.34
56000.0,-0.58,-0.82,-0.35
58000.0,-0.60,-0.84,-0.35
60000.0,-0.61,-0.86,-0.36
62000.0,-0.64,-0.91,-0.37
64000.0,-0.65,-0.93,-0.38
66000.0,-0.67,-0.95,-0.38
68000.0,-0.68,-0.97,-0.39
70000.0,-0.69,-0.99,-0.40
72000.0,-0.71,-1.01,-0.40
74000.0,-0.72,-1.03,-0.41
76000.0,-0.73,-1.05,-0.41
78000.0,-0.74,-1.07,-0.42
80000.0,-0.76,-1.09,-0.42
82000.0,-0.77,-1.11,-0.43
84000.0,-0.79,-1.14,-0.44
86000.0,-0.80,-1.16,-0.45
88000.0,-0.82,-1.18,-0.45
90000.0,-0.83,-1.20,-0.46
92000.0,-0.84,-1.22,-0.46
94000.0,-0.85,-1.24,-0.47
96000.0,-0.86,-1.26,-0.47
98000.0,-0.88,-1.28,-0.48
100000.0,-0.89,-1.30,-0.48
