step,mean,ci_down,ci_up
0.0,-0.05,-0.06,-0.04
2000.0,-0.10,-0.11,-0.09
4000.0,-0.14,-0.15,-0.14
6000.0,-0.19,-0.20,-0.18
8000.0,-0.23,-0.25,-0.21
10000.0,-0.27,-0.29,-0.24
12000.0,-0.31,-0.33,-0.28
14000.0,-0.34,-0.37,-0.31
16000.0,-0.37,-0.41,-0.34
18000.0,-0.40,-0.44,-0.36
20000.0,-0.43,-0.47,-0.39
22000.0,-0.47,-0.50,-0.44
24000.0,-0.49,-0.53,-0.46
26000.0,-0.52,-0.56,-0.48
28000.0,-0.54,-0.58,-0.50
30000.0,-0.56,-0.60,-0.52
32000.0,-0.59,-0.64,-0.55
34000.0,-0.62,-0.66,-0.57
36000.0,-0.63,-0.68,-0.59
38000.0,-0.65,-0.70,-0.61
40000.0,-0.67,-0.72,-0.63
42000.0,-0.69,-0.74,-0.64
44000.0,-0.72,-0.77,-0.67
46000.0,-0.74,-0.79,-0.68
48000.0,-0.76,-0.81,-0.70
50000.0,-0.77,-0.83,-0.72
52000.0,-0.79,-0.85,-0.73
54000.0,-0.81,-0.87,-0.75
56000.0,-0.83,-0.89,-0.77
58000.0,-0.84,-0.90,-0.78
60000.0,-0.86,-0.92,-0.80
62000.0,-0.88,-0.94,-0.81
64000.0,-0.89,-0.96,-0.83
66000.0,-0.91,-0.97,-0.84
68000.0,-0.92,-0.99,-0.86
70000.0,-0.94,-1.00,-0.87
72000.0,-0.95,-1.02,-0.88
74000.0,-0.97,-1.04,-0.90
76000.0,-0.99,-1.06,-0.91
78000.0,-1.00,-1.07,-0.93
80000.0,-1.02,-1.09,-0.95
82000.0,-1.03,-1.11,-0.96
84000.0,-1.05,-1.12,-0.98
86000.0,-1.07,-1.14,-0.99
88000.0,-1.08,-1.15,-1.01
90000.0,-1.09,-1.17,-1.02
92000.0,-1.11,-1.18,-1.03
94000.0,-1.12,-1.20,-1.05
96000.0,-1.14,-1.22,-1.06
98000.0,-1.15,-1.23,-1.07
100000.0,-1.16,-1.24,-1.08
