step,mean,ci_down,ci_up
0.0,1.70,1.32,2.08
2000.0,9.68,8.55,10.81
4000.0,19.56,17.75,21.37
6000.0,30.96,28.31,33.61
8000.0,43.02,39.38,46.66
10000.0,55.46,51.16,59.76
12000.0,67.68,62.91,72.45
14000.0,79.54,74.22,84.86
16000.0,94.48,88.44,100.52
18000.0,109.54,102.46,116.62
20000.0,124.94,116.83,133.05
22000.0,139.58,131.07,148.09
24000.0,153.38,144.14,162.62
26000.0,167.98,158.17,177.79
28000.0,182.22,171.90,192.54
30000.0,198.44,187.58,209.30
32000.0,213.04,201.70,224.38
34000.0,228.04,216.14,239.94
36000.0,244.10,232.04,256.16
38000.0,261.54,249.36,273.72
40000.0,277.66,264.86,290.46
42000.0,293.38,280.24,306.52
44000.0,310.78,296.95,324.61
46000.0,326.98,312.67,341.29
48000.0,344.32,329.41,359.23
50000.0,360.34,345.25,375.43
52000.0,376.54,361.00,392.08
54000.0,392.56,376.31,408.81
56000.0,409.66,392.84,426.48
58000.0,426.82,409.68,443.95
60000.0,444.29,427.15,461.42
62000.0,461.18,443.88,478.49
64000.0,478.41,460.59,496.22
66000.0,494.39,476.60,512.17
68000.0,510.84,492.47,529.20
70000.0,528.18,509.40,546.97
72000.0,544.53,525.22,563.84
74000.0,560.84,541.24,580.44
76000.0,577.43,557.59,597.27
78000.0,591.88,571.75,612.01
80000.0,608.08,587.41,628.75
82000.0,625.53,604.61,646.45
84000.0,641.73,620.30,663.17
86000.0,658.71,636.96,680.47
88000.0,676.06,653.74,698.38
90000.0,692.98,670.03,715.93
92000.0,710.20,686.89,733.52
94000.0,726.98,703.40,750.56
96000.0,744.27,720.47,768.07
98000.0,761.37,737.25,785.49
100000.0,778.55,754.45,802.65
