step,mean,ci_down,ci_up
<<<<<<< HEAD
6000.0,10.12,7.53,12.72
8000.0,20.75,16.66,24.84
10000.0,33.94,29.32,38.56
12000.0,46.12,40.75,51.50
14000.0,56.62,51.07,62.18
16000.0,69.56,62.25,76.88
18000.0,83.81,74.72,92.90
20000.0,99.00,88.15,109.85
22000.0,113.12,101.58,124.67
24000.0,126.56,114.04,139.08
26000.0,139.56,125.99,153.14
28000.0,153.12,138.64,167.61
30000.0,168.88,152.79,184.96
32000.0,180.94,165.12,196.76
34000.0,195.12,178.75,211.50
36000.0,209.06,193.54,224.58
38000.0,226.25,210.36,242.14
40000.0,240.12,223.69,256.56
42000.0,256.25,239.91,272.59
44000.0,272.81,255.96,289.66
46000.0,290.25,272.79,307.71
48000.0,306.75,288.21,325.29
50000.0,322.81,304.15,341.47
52000.0,338.94,320.75,357.12
54000.0,349.60,331.71,367.49
56000.0,367.27,349.42,385.11
58000.0,383.73,366.02,401.45
60000.0,401.33,382.76,419.91
62000.0,417.47,398.71,436.22
64000.0,434.20,415.04,453.36
66000.0,449.53,431.09,467.97
68000.0,464.40,445.30,483.50
70000.0,479.67,459.89,499.44
72000.0,495.73,474.60,516.86
74000.0,510.93,488.68,533.19
76000.0,526.33,502.40,550.27
78000.0,539.00,514.60,563.40
80000.0,553.93,528.94,578.93
82000.0,571.00,545.72,596.28
84000.0,584.20,558.05,610.35
86000.0,600.67,573.18,628.15
88000.0,615.13,585.62,644.64
90000.0,629.73,598.39,661.08
92000.0,645.67,612.99,678.34
94000.0,661.87,628.03,695.70
96000.0,678.40,643.67,713.13
98000.0,696.53,660.76,732.31
100000.0,715.20,679.84,750.56
=======
6000.0,10.25,8.23,12.27
8000.0,21.25,18.39,24.11
10000.0,33.88,30.56,37.19
12000.0,46.25,42.31,50.19
14000.0,57.71,53.33,62.09
16000.0,72.04,65.94,78.15
18000.0,85.79,78.66,92.92
20000.0,100.96,92.68,109.24
22000.0,115.92,107.05,124.78
24000.0,129.33,119.71,138.96
26000.0,142.46,131.98,152.94
28000.0,155.83,144.50,167.17
30000.0,171.71,159.27,184.15
32000.0,183.88,171.15,196.60
34000.0,198.25,185.08,211.42
36000.0,213.71,200.31,227.11
38000.0,232.04,217.83,246.25
40000.0,248.08,232.47,263.70
42000.0,263.42,247.21,279.63
44000.0,279.92,263.20,296.63
46000.0,296.96,279.32,314.60
48000.0,314.46,295.28,333.64
50000.0,329.79,310.11,349.47
52000.0,345.33,325.20,365.47
54000.0,359.92,338.82,381.02
56000.0,376.54,355.07,398.01
58000.0,396.52,375.27,417.77
60000.0,413.43,392.18,434.69
62000.0,427.14,405.67,448.60
64000.0,443.95,422.52,465.39
66000.0,460.73,439.59,481.87
68000.0,476.59,455.17,498.02
70000.0,494.73,472.21,517.24
72000.0,511.59,487.99,535.19
74000.0,527.86,503.62,552.11
76000.0,545.09,519.27,570.91
78000.0,559.59,532.12,587.07
80000.0,575.14,547.16,603.11
82000.0,592.55,564.27,620.82
84000.0,608.00,578.39,637.61
86000.0,624.45,593.89,655.02
88000.0,640.41,608.46,672.36
90000.0,656.18,622.41,689.95
92000.0,672.95,638.05,707.85
94000.0,689.55,654.38,724.71
96000.0,705.68,670.33,741.03
98000.0,722.59,687.07,758.11
100000.0,740.27,705.27,775.27
>>>>>>> 48e15087b5bf070df74fdf31c5f401fee6956af5
