step,mean,ci_down,ci_up
0.0,27.87,26.59,29.15
2000.0,76.26,72.35,80.17
4000.0,138.46,132.19,144.72
6000.0,210.23,201.62,218.84
8000.0,286.24,275.38,297.09
10000.0,362.03,348.92,375.13
12000.0,438.77,423.51,454.04
14000.0,516.97,498.91,535.04
16000.0,596.43,576.59,616.26
18000.0,674.98,653.12,696.85
20000.0,757.77,733.89,781.64
22000.0,845.55,820.10,871.01
24000.0,929.71,902.93,956.50
26000.0,1014.87,986.39,1043.36
28000.0,1103.45,1073.30,1133.59
30000.0,1190.50,1157.47,1223.53
32000.0,1278.68,1243.86,1313.49
34000.0,1368.10,1331.06,1405.15
36000.0,1458.82,1419.63,1498.01
38000.0,1549.94,1509.52,1590.36
40000.0,1641.48,1599.07,1683.89
42000.0,1736.85,1693.06,1780.63
44000.0,1832.96,1787.72,1878.19
46000.0,1931.06,1884.36,1977.76
48000.0,2025.33,1977.18,2073.49
50000.0,2121.32,2071.81,2170.83
52000.0,2219.49,2168.04,2270.95
54000.0,2314.37,2260.45,2368.30
56000.0,2409.72,2354.70,2464.75
58000.0,2498.26,2442.73,2553.80
60000.0,2595.13,2537.84,2652.41
62000.0,2691.13,2633.00,2749.27
64000.0,2788.13,2729.22,2847.04
66000.0,2884.49,2824.99,2943.98
68000.0,2982.71,2922.64,3042.78
70000.0,3081.07,3019.50,3142.64
72000.0,3178.30,3116.06,3240.54
74000.0,3277.66,3214.26,3341.07
76000.0,3378.35,3314.10,3442.60
78000.0,3482.00,3416.46,3547.53
80000.0,3581.05,3514.85,3647.25
82000.0,3680.77,3614.01,3747.53
84000.0,3780.97,3712.77,3849.16
86000.0,3883.33,3813.49,3953.17
88000.0,3984.79,3914.00,4055.58
90000.0,4085.04,4013.11,4156.98
92000.0,4186.70,4113.95,4259.45
94000.0,4290.04,4215.88,4364.21
96000.0,4392.51,4317.42,4467.60
98000.0,4495.89,4420.23,4571.55
100000.0,4598.98,4521.65,4676.30
