step,mean,ci_down,ci_up
6000.0,73.65,68.27,79.04
8000.0,154.10,143.95,164.25
10000.0,235.94,223.78,248.10
12000.0,316.76,300.86,332.67
14000.0,396.79,377.50,416.08
16000.0,482.53,462.30,502.75
18000.0,567.89,548.31,587.46
20000.0,658.40,635.87,680.94
22000.0,750.67,725.67,775.67
24000.0,833.22,805.80,860.63
26000.0,920.69,889.52,951.86
28000.0,1008.19,973.99,1042.38
30000.0,1100.11,1061.67,1138.55
32000.0,1194.34,1153.94,1234.74
34000.0,1287.09,1243.83,1330.35
36000.0,1377.03,1329.34,1424.72
38000.0,1470.06,1420.48,1519.63
40000.0,1563.42,1511.22,1615.62
42000.0,1657.38,1603.83,1710.92
44000.0,1754.82,1700.72,1808.92
46000.0,1854.58,1799.08,1910.07
48000.0,1950.07,1892.99,2007.14
50000.0,2042.32,1982.54,2102.10
52000.0,2137.24,2074.86,2199.62
54000.0,2232.16,2162.53,2301.80
56000.0,2327.31,2256.26,2398.37
58000.0,2429.15,2356.12,2502.18
60000.0,2532.22,2456.25,2608.18
62000.0,2629.09,2552.30,2705.88
64000.0,2728.21,2649.16,2807.25
66000.0,2824.64,2741.55,2907.74
68000.0,2926.39,2839.23,3013.55
70000.0,3029.26,2937.42,3121.10
72000.0,3128.51,3032.75,3224.27
74000.0,3230.03,3131.21,3328.86
76000.0,3337.26,3236.58,3437.94
78000.0,3442.67,3338.51,3546.83
80000.0,3546.59,3443.24,3649.94
82000.0,3650.70,3545.71,3755.70
84000.0,3757.77,3650.12,3865.42
86000.0,3869.29,3759.21,3979.38
88000.0,3977.49,3865.13,4089.84
90000.0,4083.69,3969.54,4197.84
92000.0,4190.27,4075.99,4304.55
94000.0,4294.90,4179.52,4410.29
96000.0,4399.87,4283.75,4516.00
98000.0,4501.10,4384.30,4617.90
100000.0,4608.94,4488.40,4729.48
