step,mean,ci_down,ci_up
0.0,25.56,24.77,26.35
2000.0,52.20,48.64,55.76
4000.0,71.36,67.23,75.50
6000.0,80.31,76.47,84.14
8000.0,82.20,78.48,85.92
10000.0,87.01,82.32,91.70
12000.0,83.23,79.14,87.32
14000.0,87.33,83.76,90.91
16000.0,90.22,86.06,94.37
18000.0,94.12,90.12,98.11
20000.0,94.51,90.13,98.89
22000.0,92.80,88.61,96.98
24000.0,98.47,94.63,102.32
26000.0,99.15,95.37,102.94
28000.0,100.62,97.48,103.77
30000.0,99.34,96.06,102.62
32000.0,99.43,95.73,103.14
34000.0,97.70,94.08,101.32
36000.0,96.66,92.90,100.42
38000.0,96.78,92.59,100.98
40000.0,100.68,96.88,104.49
42000.0,104.36,100.54,108.19
44000.0,106.43,101.66,111.20
46000.0,100.40,96.21,104.59
48000.0,104.97,100.34,109.60
50000.0,103.64,98.82,108.46
52000.0,99.81,95.78,103.84
54000.0,105.71,102.02,109.39
56000.0,106.29,102.35,110.23
58000.0,107.69,103.03,112.35
60000.0,104.02,99.77,108.27
62000.0,101.85,98.40,105.30
64000.0,100.02,96.77,103.28
66000.0,105.49,101.55,109.43
68000.0,103.89,99.91,107.88
70000.0,103.85,99.14,108.55
72000.0,104.79,100.52,109.06
74000.0,106.09,102.02,110.15
76000.0,102.02,97.80,106.25
78000.0,104.40,101.05,107.75
80000.0,108.20,104.18,112.22
82000.0,105.30,101.80,108.80
84000.0,105.89,101.88,109.90
86000.0,107.28,103.59,110.98
88000.0,105.73,101.62,109.83
90000.0,107.10,103.86,110.33
92000.0,106.93,102.20,111.67
94000.0,104.59,100.20,108.98
96000.0,106.86,103.36,110.36
98000.0,101.44,97.37,105.51
100000.0,105.23,100.71,109.75
