step,mean,ci_down,ci_up
0.0,1.53,1.20,1.86
2000.0,8.15,7.00,9.29
4000.0,12.38,11.07,13.69
6000.0,13.26,11.51,15.02
8000.0,12.94,11.43,14.46
10000.0,12.97,11.51,14.43
12000.0,15.15,13.51,16.79
14000.0,16.56,14.76,18.36
16000.0,15.32,13.61,17.04
18000.0,16.00,13.92,18.08
20000.0,15.50,13.69,17.31
22000.0,17.06,15.47,18.65
24000.0,16.74,14.75,18.72
26000.0,15.44,13.85,17.03
28000.0,14.35,12.71,15.99
30000.0,15.91,14.27,17.55
32000.0,15.26,13.09,17.44
34000.0,17.21,15.55,18.86
36000.0,17.56,16.01,19.11
38000.0,17.24,15.65,18.83
40000.0,15.79,14.31,17.28
42000.0,16.12,14.39,17.85
44000.0,13.91,12.05,15.77
46000.0,14.97,13.29,16.65
48000.0,15.47,13.66,17.28
50000.0,15.44,13.72,17.16
52000.0,17.12,15.69,18.54
54000.0,14.88,13.41,16.36
56000.0,14.68,12.85,16.50
58000.0,15.32,13.78,16.87
60000.0,16.29,14.60,17.99
62000.0,17.91,16.48,19.35
64000.0,17.94,16.37,19.51
66000.0,16.21,14.57,17.84
68000.0,15.85,14.19,17.51
70000.0,17.15,15.35,18.95
72000.0,16.65,14.93,18.37
74000.0,16.62,14.95,18.28
76000.0,16.94,15.20,18.68
78000.0,17.18,15.41,18.95
80000.0,16.91,14.86,18.97
82000.0,17.91,16.28,19.55
84000.0,16.82,14.94,18.71
86000.0,17.58,16.09,19.06
88000.0,16.09,14.71,17.47
90000.0,16.45,14.55,18.36
92000.0,17.27,15.48,19.06
94000.0,17.85,15.84,19.86
96000.0,15.64,14.45,16.83
98000.0,18.52,17.05,19.98
100000.0,18.39,16.49,20.30
