step,mean,ci_down,ci_up
0.0,28.40,26.87,29.94
2000.0,48.25,44.62,51.88
4000.0,61.76,57.73,65.80
6000.0,71.90,67.64,76.16
8000.0,74.72,70.26,79.18
10000.0,74.90,71.10,78.70
12000.0,75.90,71.60,80.20
14000.0,75.87,70.83,80.90
16000.0,77.73,73.80,81.65
18000.0,76.36,72.58,80.13
20000.0,83.08,78.31,87.84
22000.0,88.21,83.91,92.52
24000.0,82.22,77.65,86.78
26000.0,84.13,79.67,88.60
28000.0,87.38,82.97,91.79
30000.0,86.81,81.81,91.80
32000.0,87.93,84.16,91.69
34000.0,89.34,84.21,94.46
36000.0,89.34,85.07,93.62
38000.0,90.22,86.13,94.30
40000.0,91.23,86.12,96.34
42000.0,93.79,90.23,97.34
44000.0,94.76,91.09,98.43
46000.0,97.35,93.21,101.48
48000.0,93.34,89.16,97.52
50000.0,94.68,90.39,98.98
52000.0,96.40,90.78,102.03
54000.0,94.18,88.93,99.43
56000.0,96.06,92.04,100.09
58000.0,97.65,92.62,102.68
60000.0,98.58,93.71,103.44
62000.0,95.22,90.46,99.97
64000.0,96.80,93.20,100.39
66000.0,94.83,90.37,99.29
68000.0,97.52,92.57,102.47
70000.0,97.45,93.53,101.37
72000.0,95.41,90.74,100.08
74000.0,97.77,92.81,102.74
76000.0,101.26,97.32,105.20
78000.0,101.74,97.43,106.05
80000.0,99.25,94.99,103.52
82000.0,98.76,93.89,103.64
84000.0,99.42,94.45,104.38
86000.0,102.99,98.34,107.64
88000.0,101.56,96.77,106.35
90000.0,100.22,95.42,105.02
92000.0,101.63,96.54,106.73
94000.0,103.27,98.68,107.85
96000.0,103.59,99.13,108.05
98000.0,103.07,98.85,107.29
100000.0,103.51,98.77,108.24
