step,mean,ci_down,ci_up
0.0,1.62,1.08,2.17
2000.0,7.38,5.34,9.41
4000.0,8.75,6.53,10.97
6000.0,9.88,7.36,12.39
8000.0,10.06,8.03,12.10
10000.0,12.94,10.41,15.47
12000.0,11.56,8.99,14.14
14000.0,9.50,7.11,11.89
16000.0,12.94,9.81,16.07
18000.0,14.31,11.64,16.99
20000.0,15.38,12.71,18.04
22000.0,14.69,11.93,17.44
24000.0,13.38,10.66,16.09
26000.0,13.62,11.16,16.09
28000.0,12.25,9.80,14.70
30000.0,15.25,11.74,18.76
32000.0,11.13,8.69,13.57
34000.0,14.07,11.44,16.69
36000.0,14.00,11.44,16.56
38000.0,15.60,13.10,18.10
40000.0,13.40,11.07,15.73
42000.0,14.80,12.92,16.68
44000.0,16.27,13.49,19.04
46000.0,17.27,14.28,20.26
48000.0,16.40,13.17,19.63
50000.0,15.87,12.76,18.97
52000.0,16.20,13.19,19.21
54000.0,13.93,10.96,16.90
56000.0,18.13,16.01,20.26
58000.0,16.13,13.33,18.94
60000.0,17.00,14.00,20.00
62000.0,16.00,13.17,18.83
64000.0,16.27,14.68,17.85
66000.0,15.60,12.87,18.33
68000.0,14.40,12.32,16.48
70000.0,16.33,12.85,19.82
72000.0,16.87,14.55,19.18
74000.0,14.67,11.48,17.85
76000.0,14.93,11.83,18.04
78000.0,12.27,9.16,15.38
80000.0,15.87,12.64,19.09
82000.0,16.53,13.13,19.93
84000.0,13.33,11.27,15.40
86000.0,15.87,13.00,18.73
88000.0,13.33,10.36,16.30
90000.0,14.40,11.40,17.40
92000.0,14.93,13.47,16.39
94000.0,15.47,11.90,19.04
96000.0,15.20,12.12,18.28
98000.0,17.47,14.79,20.14
100000.0,18.53,15.58,21.49
