step,mean,ci_down,ci_up
<<<<<<< HEAD
0.0,-0.09,-0.10,-0.08
2000.0,-0.05,-0.06,-0.04
4000.0,-0.03,-0.04,-0.02
6000.0,-0.03,-0.03,-0.02
8000.0,-0.03,-0.04,-0.02
10000.0,-0.02,-0.03,-0.02
12000.0,-0.02,-0.03,-0.01
14000.0,-0.02,-0.03,-0.02
16000.0,-0.02,-0.03,-0.01
18000.0,-0.02,-0.03,-0.02
20000.0,-0.02,-0.02,-0.01
22000.0,-0.02,-0.02,-0.01
24000.0,-0.02,-0.03,-0.01
26000.0,-0.02,-0.03,-0.01
28000.0,-0.02,-0.03,-0.01
30000.0,-0.02,-0.02,-0.01
32000.0,-0.02,-0.02,-0.01
34000.0,-0.02,-0.03,-0.01
36000.0,-0.02,-0.02,-0.01
38000.0,-0.01,-0.01,-0.01
40000.0,-0.02,-0.02,-0.01
42000.0,-0.01,-0.02,-0.01
44000.0,-0.01,-0.01,-0.00
46000.0,-0.01,-0.01,-0.00
=======
0.0,-0.10,-0.11,-0.09
2000.0,-0.06,-0.07,-0.05
4000.0,-0.04,-0.05,-0.03
6000.0,-0.03,-0.04,-0.03
8000.0,-0.04,-0.05,-0.03
10000.0,-0.03,-0.04,-0.02
12000.0,-0.03,-0.04,-0.02
14000.0,-0.03,-0.03,-0.02
16000.0,-0.03,-0.03,-0.02
18000.0,-0.03,-0.04,-0.02
20000.0,-0.02,-0.03,-0.02
22000.0,-0.02,-0.03,-0.01
24000.0,-0.02,-0.03,-0.02
26000.0,-0.02,-0.03,-0.02
28000.0,-0.02,-0.03,-0.02
30000.0,-0.02,-0.03,-0.01
32000.0,-0.02,-0.03,-0.01
34000.0,-0.02,-0.03,-0.01
36000.0,-0.02,-0.02,-0.01
38000.0,-0.01,-0.02,-0.01
40000.0,-0.02,-0.02,-0.01
42000.0,-0.01,-0.02,-0.01
44000.0,-0.01,-0.02,-0.01
46000.0,-0.01,-0.02,-0.01
>>>>>>> 48e15087b5bf070df74fdf31c5f401fee6956af5
48000.0,-0.01,-0.02,-0.01
50000.0,-0.01,-0.02,-0.01
52000.0,-0.01,-0.01,-0.00
54000.0,-0.01,-0.02,-0.01
<<<<<<< HEAD
56000.0,-0.01,-0.01,-0.01
58000.0,-0.01,-0.01,-0.00
60000.0,-0.01,-0.01,-0.00
62000.0,-0.01,-0.01,-0.00
64000.0,-0.01,-0.01,-0.00
66000.0,-0.01,-0.01,-0.00
68000.0,-0.01,-0.01,-0.00
=======
56000.0,-0.01,-0.02,-0.01
58000.0,-0.01,-0.02,-0.01
60000.0,-0.01,-0.01,-0.01
62000.0,-0.01,-0.01,-0.01
64000.0,-0.01,-0.01,-0.01
66000.0,-0.01,-0.01,-0.01
68000.0,-0.01,-0.01,-0.01
>>>>>>> 48e15087b5bf070df74fdf31c5f401fee6956af5
70000.0,-0.01,-0.01,-0.00
72000.0,-0.01,-0.01,-0.01
74000.0,-0.01,-0.01,-0.00
76000.0,-0.01,-0.01,-0.00
78000.0,-0.01,-0.01,-0.00
80000.0,-0.01,-0.01,-0.01
82000.0,-0.01,-0.01,-0.00
84000.0,-0.01,-0.01,-0.00
<<<<<<< HEAD
86000.0,-0.00,-0.01,-0.00
88000.0,-0.00,-0.01,-0.00
90000.0,-0.01,-0.02,-0.00
=======
86000.0,-0.01,-0.01,-0.00
88000.0,-0.01,-0.01,-0.00
90000.0,-0.01,-0.01,-0.00
>>>>>>> 48e15087b5bf070df74fdf31c5f401fee6956af5
92000.0,-0.01,-0.01,-0.00
94000.0,-0.01,-0.01,-0.00
96000.0,-0.01,-0.01,-0.00
98000.0,-0.01,-0.01,-0.00
100000.0,-0.01,-0.01,-0.00
