step,mean,ci_down,ci_up
4000.0,3.11,1.45,4.77
6000.0,5.89,3.65,8.12
8000.0,14.56,10.18,18.93
10000.0,24.67,16.64,32.70
12000.0,38.22,27.27,49.17
14000.0,50.78,37.80,63.76
16000.0,63.89,48.85,78.93
18000.0,76.22,61.02,91.43
20000.0,93.56,76.98,110.13
22000.0,110.89,92.00,129.78
24000.0,127.44,106.81,148.08
26000.0,144.44,121.87,167.02
28000.0,162.33,140.85,183.82
30000.0,176.56,154.87,198.24
32000.0,196.33,174.72,217.94
34000.0,215.33,192.31,238.35
36000.0,233.22,207.53,258.91
38000.0,248.44,221.09,275.80
40000.0,266.00,238.87,293.13
42000.0,285.44,258.60,312.29
44000.0,304.67,277.70,331.64
46000.0,322.67,297.11,348.22
48000.0,338.56,312.12,364.99
50000.0,357.11,329.88,384.34
52000.0,375.33,347.00,403.67
54000.0,392.22,363.51,420.93
56000.0,406.67,375.38,437.95
58000.0,423.56,390.94,456.17
60000.0,441.11,408.46,473.76
62000.0,455.56,420.52,490.59
64000.0,472.78,437.18,508.37
66000.0,486.11,449.91,522.32
68000.0,499.78,463.38,536.18
70000.0,517.33,480.43,554.24
72000.0,536.33,498.62,574.05
74000.0,553.22,513.23,593.22
76000.0,574.44,533.78,615.11
78000.0,592.44,552.55,632.34
80000.0,609.11,569.04,649.18
82000.0,627.67,589.19,666.15
84000.0,645.22,606.80,683.64
86000.0,664.22,625.28,703.16
88000.0,682.89,642.70,723.08
90000.0,700.78,660.58,740.98
92000.0,720.56,679.51,761.60
94000.0,740.22,695.90,784.55
96000.0,759.89,712.56,807.22
98000.0,777.78,728.65,826.90
100000.0,796.67,746.42,846.91
