step,mean,ci_down,ci_up
2000.0,0.50,-0.50,1.50
4000.0,5.00,2.24,7.76
6000.0,9.00,4.60,13.40
8000.0,21.50,14.80,28.20
10000.0,31.14,21.64,40.64
12000.0,41.43,31.07,51.79
14000.0,57.43,46.70,68.16
16000.0,72.00,57.17,86.83
18000.0,84.57,67.94,101.21
20000.0,97.86,80.61,115.11
22000.0,109.14,89.39,128.90
24000.0,122.71,101.71,143.72
26000.0,136.86,114.24,159.47
28000.0,153.43,130.03,176.83
30000.0,173.43,150.63,196.23
32000.0,189.43,166.31,212.55
34000.0,207.14,182.65,231.64
36000.0,228.14,204.11,252.18
38000.0,246.57,222.10,271.05
40000.0,264.43,239.11,289.75
42000.0,280.71,255.28,306.14
44000.0,297.14,272.52,321.77
46000.0,312.71,288.01,337.42
48000.0,330.86,305.24,356.48
50000.0,346.71,320.26,373.17
52000.0,363.29,335.26,391.32
54000.0,381.14,351.39,410.89
56000.0,401.43,372.60,430.26
58000.0,419.43,389.68,449.17
60000.0,440.29,409.42,471.15
62000.0,459.14,426.08,492.21
64000.0,474.00,440.20,507.80
66000.0,489.86,454.02,525.69
68000.0,508.43,470.33,546.53
70000.0,525.43,484.63,566.22
72000.0,544.57,504.23,584.91
74000.0,561.57,521.94,601.20
76000.0,572.29,534.22,610.35
78000.0,588.29,552.67,623.91
80000.0,605.86,571.07,640.65
82000.0,621.00,585.74,656.26
84000.0,636.57,600.10,673.04
86000.0,655.57,620.35,690.80
88000.0,672.29,638.68,705.89
90000.0,690.43,658.04,722.81
92000.0,707.71,674.25,741.18
94000.0,726.57,694.63,758.51
96000.0,747.00,712.60,781.40
98000.0,767.14,733.04,801.25
100000.0,793.83,754.94,832.72
