step,mean,ci_down,ci_up
2000.0,29.67,25.97,33.38
4000.0,33.95,29.69,38.21
6000.0,56.53,46.15,66.92
8000.0,63.64,57.13,70.16
10000.0,72.15,59.87,84.43
12000.0,79.32,64.69,93.94
14000.0,74.60,63.70,85.49
16000.0,85.63,81.54,89.72
18000.0,93.58,80.89,106.26
20000.0,86.83,78.19,95.47
22000.0,92.46,81.77,103.14
24000.0,85.12,75.15,95.10
26000.0,80.99,65.30,96.67
28000.0,92.64,80.05,105.22
30000.0,83.96,70.72,97.20
32000.0,92.88,77.89,107.86
34000.0,80.84,72.47,89.20
36000.0,94.31,83.94,104.68
38000.0,94.36,88.63,100.08
40000.0,96.06,83.02,109.11
42000.0,96.87,85.32,108.42
44000.0,99.72,90.29,109.15
46000.0,105.23,95.09,115.37
48000.0,99.40,90.90,107.89
50000.0,95.19,86.97,103.41
52000.0,98.71,90.36,107.06
54000.0,96.18,88.21,104.15
56000.0,97.10,87.48,106.72
58000.0,96.61,87.02,106.21
60000.0,95.67,87.09,104.25
62000.0,96.64,86.43,106.86
64000.0,90.41,82.20,98.62
66000.0,97.47,87.27,107.66
68000.0,92.95,83.17,102.72
70000.0,97.15,86.69,107.60
72000.0,97.73,85.42,110.05
74000.0,99.09,86.27,111.90
76000.0,108.34,94.05,122.63
78000.0,103.78,92.97,114.58
80000.0,100.96,90.85,111.07
82000.0,106.45,97.99,114.91
84000.0,106.73,97.81,115.66
86000.0,99.70,91.99,107.40
88000.0,108.82,103.60,114.04
90000.0,107.53,97.99,117.07
92000.0,101.70,92.10,111.30
94000.0,97.55,87.10,108.00
96000.0,95.02,85.93,104.10
98000.0,97.97,92.92,103.02
100000.0,92.49,84.83,100.15
