step,mean,ci_down,ci_up
10000.0,-0.02,-0.03,-0.01
12000.0,-0.04,-0.05,-0.03
14000.0,-0.05,-0.07,-0.04
16000.0,-0.06,-0.08,-0.04
18000.0,-0.07,-0.09,-0.05
20000.0,-0.08,-0.10,-0.06
22000.0,-0.09,-0.12,-0.07
24000.0,-0.10,-0.13,-0.07
26000.0,-0.11,-0.14,-0.08
28000.0,-0.11,-0.15,-0.08
30000.0,-0.12,-0.15,-0.08
32000.0,-0.12,-0.15,-0.09
34000.0,-0.12,-0.16,-0.09
36000.0,-0.14,-0.17,-0.10
38000.0,-0.15,-0.19,-0.12
40000.0,-0.17,-0.21,-0.13
42000.0,-0.19,-0.24,-0.15
44000.0,-0.21,-0.27,-0.16
46000.0,-0.23,-0.29,-0.18
48000.0,-0.25,-0.30,-0.19
50000.0,-0.26,-0.31,-0.20
52000.0,-0.26,-0.32,-0.20
54000.0,-0.27,-0.33,-0.21
56000.0,-0.27,-0.34,-0.21
58000.0,-0.28,-0.35,-0.22
60000.0,-0.29,-0.35,-0.23
62000.0,-0.29,-0.35,-0.23
64000.0,-0.30,-0.36,-0.24
66000.0,-0.30,-0.36,-0.24
68000.0,-0.31,-0.37,-0.25
70000.0,-0.31,-0.37,-0.25
72000.0,-0.32,-0.38,-0.26
74000.0,-0.33,-0.39,-0.27
76000.0,-0.33,-0.39,-0.27
78000.0,-0.34,-0.40,-0.27
80000.0,-0.34,-0.40,-0.28
82000.0,-0.35,-0.41,-0.28
84000.0,-0.35,-0.42,-0.29
86000.0,-0.36,-0.43,-0.30
88000.0,-0.37,-0.43,-0.30
90000.0,-0.37,-0.44,-0.30
92000.0,-0.38,-0.45,-0.31
94000.0,-0.38,-0.45,-0.31
96000.0,-0.39,-0.46,-0.31
98000.0,-0.39,-0.46,-0.32
100000.0,-0.39,-0.47,-0.32
