step,mean,ci_down,ci_up
0.0,-0.09,-0.12,-0.07
2000.0,-0.15,-0.19,-0.11
4000.0,-0.22,-0.30,-0.14
6000.0,-0.25,-0.35,-0.15
8000.0,-0.28,-0.38,-0.18
10000.0,-0.30,-0.40,-0.20
12000.0,-0.31,-0.41,-0.21
14000.0,-0.32,-0.42,-0.22
16000.0,-0.33,-0.43,-0.23
18000.0,-0.34,-0.44,-0.24
20000.0,-0.35,-0.45,-0.25
22000.0,-0.35,-0.46,-0.25
24000.0,-0.36,-0.46,-0.25
26000.0,-0.36,-0.46,-0.26
28000.0,-0.36,-0.47,-0.26
30000.0,-0.36,-0.47,-0.26
32000.0,-0.37,-0.47,-0.27
34000.0,-0.37,-0.48,-0.27
36000.0,-0.39,-0.52,-0.27
38000.0,-0.40,-0.54,-0.27
40000.0,-0.41,-0.55,-0.27
42000.0,-0.42,-0.56,-0.27
44000.0,-0.42,-0.56,-0.28
46000.0,-0.43,-0.57,-0.28
48000.0,-0.43,-0.58,-0.29
50000.0,-0.44,-0.58,-0.29
52000.0,-0.44,-0.59,-0.29
54000.0,-0.45,-0.60,-0.30
56000.0,-0.46,-0.61,-0.31
58000.0,-0.47,-0.61,-0.32
60000.0,-0.47,-0.62,-0.33
62000.0,-0.48,-0.62,-0.34
64000.0,-0.49,-0.63,-0.35
66000.0,-0.50,-0.64,-0.35
68000.0,-0.50,-0.65,-0.36
70000.0,-0.51,-0.65,-0.37
72000.0,-0.51,-0.66,-0.37
74000.0,-0.52,-0.66,-0.37
76000.0,-0.52,-0.67,-0.38
78000.0,-0.53,-0.67,-0.38
80000.0,-0.54,-0.69,-0.39
82000.0,-0.55,-0.70,-0.40
84000.0,-0.56,-0.72,-0.40
86000.0,-0.57,-0.73,-0.41
88000.0,-0.57,-0.74,-0.41
90000.0,-0.58,-0.75,-0.41
92000.0,-0.58,-0.75,-0.41
94000.0,-0.59,-0.76,-0.42
96000.0,-0.59,-0.77,-0.42
98000.0,-0.60,-0.77,-0.43
