step,mean,ci_down,ci_up
10000.0,81.09,71.39,90.78
12000.0,167.30,153.01,181.59
14000.0,264.66,244.19,285.14
16000.0,355.77,332.13,379.41
18000.0,454.31,425.94,482.68
20000.0,555.52,520.09,590.96
22000.0,652.16,612.69,691.63
24000.0,748.66,706.54,790.79
26000.0,842.96,798.20,887.73
28000.0,942.76,896.18,989.34
30000.0,1043.00,994.79,1091.21
32000.0,1146.39,1100.12,1192.67
34000.0,1249.48,1203.32,1295.63
36000.0,1346.67,1296.54,1396.79
38000.0,1435.48,1382.77,1488.18
40000.0,1523.56,1469.64,1577.47
42000.0,1606.64,1549.76,1663.53
44000.0,1694.33,1632.95,1755.71
46000.0,1781.59,1714.61,1848.58
48000.0,1867.75,1795.89,1939.60
50000.0,1965.75,1889.69,2041.82
52000.0,2064.03,1984.09,2143.96
54000.0,2164.28,2082.90,2245.66
56000.0,2268.07,2187.31,2348.83
58000.0,2370.99,2288.91,2453.07
60000.0,2470.59,2386.66,2554.51
62000.0,2573.94,2490.83,2657.05
64000.0,2680.35,2595.06,2765.63
66000.0,2786.08,2701.76,2870.40
68000.0,2891.01,2807.13,2974.89
70000.0,2997.36,2913.11,3081.61
72000.0,3101.43,3019.05,3183.82
74000.0,3206.73,3124.75,3288.71
76000.0,3314.95,3231.23,3398.67
78000.0,3418.07,3336.60,3499.54
80000.0,3524.82,3445.46,3604.18
82000.0,3629.87,3550.06,3709.67
84000.0,3730.24,3650.11,3810.36
86000.0,3830.02,3747.44,3912.60
88000.0,3932.84,3848.65,4017.04
90000.0,4038.30,3952.39,4124.21
92000.0,4144.23,4056.51,4231.95
94000.0,4249.46,4161.03,4337.89
96000.0,4358.46,4268.42,4448.49
98000.0,4471.03,4382.18,4559.88
100000.0,4579.21,4492.29,4666.13
