step,mean,ci_down,ci_up
10000.0,13.75,10.77,16.73
12000.0,29.69,25.35,34.03
14000.0,44.56,39.49,49.63
16000.0,63.88,57.75,70.00
18000.0,82.00,73.71,90.29
20000.0,98.25,88.81,107.69
22000.0,114.62,102.73,126.52
24000.0,131.94,118.51,145.36
26000.0,148.12,133.91,162.34
28000.0,166.62,153.35,179.90
30000.0,184.50,171.76,197.24
32000.0,201.88,188.71,215.04
34000.0,221.44,208.12,234.76
36000.0,239.81,227.12,252.51
38000.0,255.31,242.15,268.47
40000.0,270.06,257.27,282.86
42000.0,287.44,273.80,301.07
44000.0,303.94,288.69,319.19
46000.0,320.31,303.68,336.95
48000.0,335.06,317.10,353.03
50000.0,352.06,332.20,371.93
52000.0,370.56,350.22,390.90
54000.0,388.06,366.65,409.47
56000.0,405.69,383.64,427.73
58000.0,422.00,400.96,443.04
60000.0,438.44,417.07,459.81
62000.0,456.19,434.43,477.95
64000.0,471.69,449.37,494.01
66000.0,489.12,466.03,512.22
68000.0,506.31,482.49,530.13
70000.0,520.81,496.66,544.96
72000.0,537.31,512.77,561.86
74000.0,555.19,529.82,580.55
76000.0,571.06,543.78,598.34
78000.0,588.12,561.52,614.73
80000.0,606.31,577.68,634.94
82000.0,621.50,592.83,650.17
84000.0,638.12,609.58,666.67
86000.0,657.50,628.33,686.67
88000.0,674.88,645.59,704.16
90000.0,691.31,661.34,721.29
92000.0,709.31,678.93,739.69
94000.0,726.56,695.70,757.43
96000.0,743.62,711.73,775.52
98000.0,760.44,726.99,793.89
100000.0,776.56,740.90,812.22
