step,mean,ci_down,ci_up
0.0,4.43,1.24,7.62
2000.0,12.71,6.41,19.02
4000.0,19.57,10.03,29.12
6000.0,32.86,19.68,46.03
8000.0,45.86,30.62,61.10
10000.0,59.29,44.53,74.04
12000.0,75.43,62.91,87.95
14000.0,95.57,82.50,108.64
16000.0,116.00,101.84,130.16
18000.0,133.71,118.04,149.39
20000.0,151.43,131.12,171.73
22000.0,171.14,149.47,192.82
24000.0,190.00,168.71,211.29
26000.0,205.00,186.21,223.79
28000.0,217.71,198.35,237.08
30000.0,231.43,211.64,251.22
32000.0,251.29,230.81,271.76
34000.0,273.86,250.70,297.02
36000.0,290.14,265.97,314.32
38000.0,304.86,280.33,329.39
40000.0,327.14,301.92,352.37
42000.0,349.14,323.09,375.19
44000.0,367.14,338.51,395.78
46000.0,382.14,351.41,412.88
48000.0,399.14,364.23,434.06
50000.0,419.71,386.02,453.41
52000.0,436.57,401.23,471.91
54000.0,452.86,417.04,488.68
56000.0,468.57,437.34,499.80
58000.0,483.57,453.95,513.20
60000.0,502.14,472.77,531.52
62000.0,519.29,487.90,550.67
64000.0,537.29,503.51,571.06
66000.0,555.86,522.35,589.36
68000.0,569.29,536.68,601.89
70000.0,586.43,555.70,617.16
72000.0,604.86,573.12,636.59
74000.0,620.00,585.67,654.33
76000.0,637.14,602.30,671.99
78000.0,656.43,619.71,693.15
80000.0,669.57,634.98,704.16
82000.0,687.29,654.83,719.74
84000.0,707.00,674.91,739.09
86000.0,724.71,691.57,757.86
88000.0,743.57,713.37,773.77
90000.0,763.14,733.59,792.70
92000.0,780.86,753.42,808.30
94000.0,798.00,772.51,823.49
96000.0,814.00,787.05,840.95
98000.0,830.29,800.53,860.04
