step,mean,ci_down,ci_up
0.0,34.10,25.36,42.84
2000.0,95.32,72.58,118.07
4000.0,155.03,116.03,194.03
6000.0,229.33,174.80,283.87
8000.0,298.81,240.50,357.11
10000.0,383.82,319.18,448.45
12000.0,477.95,413.84,542.06
14000.0,566.88,501.88,631.89
16000.0,661.60,591.08,732.13
18000.0,755.28,676.15,834.42
20000.0,850.44,765.43,935.46
22000.0,950.21,863.42,1037.01
24000.0,1046.12,955.61,1136.62
26000.0,1154.15,1058.57,1249.73
28000.0,1261.43,1161.44,1361.41
30000.0,1368.63,1273.01,1464.24
32000.0,1477.50,1381.24,1573.76
34000.0,1575.34,1475.55,1675.13
36000.0,1661.01,1543.96,1778.05
38000.0,1756.50,1629.98,1883.01
40000.0,1849.76,1713.64,1985.87
42000.0,1947.85,1805.56,2090.15
44000.0,2051.99,1899.13,2204.84
46000.0,2148.41,1984.09,2312.73
48000.0,2255.22,2083.98,2426.47
50000.0,2364.20,2187.95,2540.45
52000.0,2472.90,2293.84,2651.96
54000.0,2577.40,2397.98,2756.83
56000.0,2682.08,2500.05,2864.11
58000.0,2782.08,2598.47,2965.70
60000.0,2883.88,2698.86,3068.91
62000.0,2990.07,2800.32,3179.82
64000.0,3090.60,2900.16,3281.03
66000.0,3190.39,2996.83,3383.94
68000.0,3293.38,3096.16,3490.60
70000.0,3391.20,3197.52,3584.88
72000.0,3492.97,3302.52,3683.43
74000.0,3599.70,3405.70,3793.69
76000.0,3698.77,3509.68,3887.87
78000.0,3803.33,3615.04,3991.62
80000.0,3904.73,3712.66,4096.80
82000.0,3999.13,3805.33,4192.93
84000.0,4089.11,3891.89,4286.34
86000.0,4184.81,3984.01,4385.60
88000.0,4283.79,4076.85,4490.73
90000.0,4383.21,4169.61,4596.80
92000.0,4484.65,4266.49,4702.80
94000.0,4592.67,4369.31,4816.02
96000.0,4701.64,4480.60,4922.68
98000.0,4808.17,4593.23,5023.11
