step,mean,ci_down,ci_up
0.0,62.29,49.41,75.17
2000.0,76.72,64.41,89.03
4000.0,81.09,73.00,89.17
6000.0,86.21,81.13,91.29
8000.0,97.37,90.79,103.94
10000.0,91.10,86.00,96.21
12000.0,98.54,92.02,105.06
14000.0,101.21,94.10,108.33
16000.0,96.64,90.09,103.19
18000.0,96.50,90.32,102.69
20000.0,94.30,86.27,102.33
22000.0,99.79,93.40,106.19
24000.0,100.24,94.75,105.74
26000.0,103.39,98.87,107.91
28000.0,103.04,97.06,109.03
30000.0,97.74,89.90,105.59
32000.0,89.23,79.95,98.51
34000.0,87.09,79.76,94.41
36000.0,87.15,79.49,94.82
38000.0,90.48,83.29,97.67
40000.0,87.48,80.75,94.21
42000.0,90.10,84.72,95.47
44000.0,94.42,88.65,100.18
46000.0,96.85,92.87,100.84
48000.0,98.27,93.81,102.73
50000.0,100.45,96.77,104.12
52000.0,103.38,100.36,106.41
54000.0,100.83,97.51,104.15
56000.0,103.52,99.91,107.14
58000.0,105.99,102.83,109.14
60000.0,107.54,104.69,110.39
62000.0,106.00,102.89,109.12
64000.0,104.90,101.56,108.24
66000.0,106.56,102.86,110.25
68000.0,107.65,104.46,110.84
70000.0,105.64,100.95,110.32
72000.0,102.14,97.70,106.57
74000.0,102.96,98.37,107.54
76000.0,102.38,97.72,107.04
78000.0,101.79,98.13,105.45
80000.0,103.16,99.33,106.99
82000.0,106.22,103.21,109.24
84000.0,107.69,104.38,110.99
86000.0,107.21,104.10,110.31
88000.0,106.70,103.19,110.21
90000.0,108.12,105.31,110.94
92000.0,110.02,107.29,112.75
94000.0,107.31,104.70,109.93
