step,mean,ci_down,ci_up
6000.0,68.93,64.47,73.40
8000.0,142.68,134.93,150.44
10000.0,217.04,205.63,228.45
12000.0,292.71,278.12,307.29
14000.0,373.66,356.00,391.32
16000.0,455.21,434.23,476.20
18000.0,540.68,516.50,564.85
20000.0,627.17,599.73,654.61
22000.0,714.97,684.42,745.51
24000.0,806.46,772.59,840.33
26000.0,896.91,860.72,933.10
28000.0,985.92,947.13,1024.71
30000.0,1076.55,1035.16,1117.94
32000.0,1166.98,1123.22,1210.74
34000.0,1261.22,1215.96,1306.48
36000.0,1358.52,1310.99,1406.05
38000.0,1450.93,1400.49,1501.37
40000.0,1545.84,1494.24,1597.45
42000.0,1640.29,1587.70,1692.88
44000.0,1734.13,1679.69,1788.58
46000.0,1830.37,1773.36,1887.39
48000.0,1926.61,1867.51,1985.70
50000.0,2021.26,1961.00,2081.53
52000.0,2115.75,2053.35,2178.15
54000.0,2210.21,2145.59,2274.84
56000.0,2300.58,2233.05,2368.10
58000.0,2395.71,2326.49,2464.94
60000.0,2493.43,2422.89,2563.98
62000.0,2591.11,2517.38,2664.84
64000.0,2684.84,2609.78,2759.90
66000.0,2780.16,2704.02,2856.31
68000.0,2876.50,2798.84,2954.17
70000.0,2975.47,2896.53,3054.40
72000.0,3073.53,2993.64,3153.41
74000.0,3173.48,3092.30,3254.66
76000.0,3274.82,3192.23,3357.41
78000.0,3378.49,3294.63,3462.35
80000.0,3483.31,3398.50,3568.12
82000.0,3584.62,3498.23,3671.01
84000.0,3686.88,3598.68,3775.09
86000.0,3785.91,3695.61,3876.21
88000.0,3887.00,3794.42,3979.57
90000.0,3984.60,3890.72,4078.47
92000.0,4082.26,3986.67,4177.86
94000.0,4180.83,4083.74,4277.93
96000.0,4281.33,4182.73,4379.94
98000.0,4381.46,4280.55,4482.37
100000.0,4476.64,4371.02,4582.25
