step,mean,ci_down,ci_up
6000.0,11.61,10.03,13.20
8000.0,23.95,21.49,26.42
10000.0,37.00,33.79,40.21
12000.0,51.09,46.92,55.27
14000.0,64.09,59.07,69.11
16000.0,77.66,71.60,83.71
18000.0,92.16,85.29,99.03
20000.0,105.86,98.58,113.14
22000.0,121.45,113.70,129.21
24000.0,136.84,128.78,144.90
26000.0,151.16,142.51,159.81
28000.0,166.86,157.60,176.13
30000.0,183.41,173.50,193.31
32000.0,199.16,188.87,209.45
34000.0,214.40,203.83,224.96
36000.0,229.98,218.72,241.24
38000.0,244.74,232.84,256.65
40000.0,261.21,248.67,273.75
42000.0,277.33,264.24,290.41
44000.0,293.86,280.44,307.28
46000.0,308.98,295.27,322.69
48000.0,325.35,311.40,339.30
50000.0,342.37,328.05,356.70
52000.0,360.77,345.84,375.70
54000.0,378.74,363.02,394.47
56000.0,397.95,381.36,414.54
58000.0,415.10,398.09,432.10
60000.0,433.33,415.91,450.76
62000.0,451.73,433.15,470.32
64000.0,470.73,451.29,490.17
66000.0,488.49,468.75,508.23
68000.0,506.83,486.75,526.91
70000.0,523.90,503.15,544.65
72000.0,541.51,520.27,562.75
74000.0,557.29,535.89,578.70
76000.0,573.54,551.74,595.33
78000.0,589.66,567.83,611.49
80000.0,604.90,583.01,626.80
82000.0,621.98,599.71,644.24
84000.0,637.93,615.25,660.60
86000.0,655.78,632.65,678.91
88000.0,673.05,649.53,696.57
90000.0,690.34,666.13,714.55
92000.0,708.22,683.13,733.31
94000.0,726.51,700.62,752.41
96000.0,745.83,718.81,772.85
98000.0,763.98,736.34,791.61
100000.0,782.65,753.98,811.32
