step,mean,ci_down,ci_up
0.0,1.41,1.12,1.70
2000.0,8.09,6.59,9.60
4000.0,9.98,8.73,11.22
6000.0,11.61,10.03,13.20
8000.0,12.34,10.74,13.94
10000.0,13.05,11.55,14.54
12000.0,14.09,12.57,15.61
14000.0,13.00,11.43,14.57
16000.0,13.57,11.74,15.39
18000.0,14.50,12.93,16.07
20000.0,13.70,12.11,15.29
22000.0,15.59,13.59,17.59
24000.0,15.39,14.05,16.72
26000.0,14.32,12.70,15.93
28000.0,15.70,13.92,17.49
30000.0,16.55,14.96,18.13
32000.0,15.72,14.01,17.44
34000.0,15.23,13.34,17.13
36000.0,15.58,13.68,17.48
38000.0,14.77,13.15,16.39
40000.0,16.47,14.55,18.38
42000.0,16.12,14.56,17.67
44000.0,16.53,14.77,18.30
46000.0,15.12,13.47,16.76
48000.0,16.37,14.55,18.19
50000.0,17.02,15.23,18.82
52000.0,18.40,16.24,20.55
54000.0,17.98,16.07,19.89
56000.0,18.76,17.03,20.49
58000.0,17.14,15.31,18.97
60000.0,18.24,16.55,19.92
62000.0,18.51,16.50,20.52
64000.0,19.00,16.83,21.17
66000.0,17.76,16.01,19.51
68000.0,18.34,16.43,20.25
70000.0,17.07,15.02,19.13
72000.0,17.61,15.76,19.46
74000.0,15.78,14.37,17.19
76000.0,16.24,14.76,17.73
78000.0,16.12,14.46,17.78
80000.0,15.24,13.72,16.76
82000.0,17.07,15.19,18.95
84000.0,15.95,14.10,17.81
86000.0,17.85,15.83,19.88
88000.0,17.27,15.41,19.13
90000.0,17.29,15.41,19.18
92000.0,17.88,16.03,19.73
94000.0,18.29,16.17,20.42
96000.0,19.32,16.80,21.83
98000.0,18.15,16.29,20.00
100000.0,17.12,14.94,19.31
