step,mean,ci_down,ci_up
0.0,26.36,25.54,27.17
2000.0,47.57,44.56,50.57
4000.0,62.51,58.45,66.57
6000.0,68.93,64.47,73.40
8000.0,73.75,69.18,78.31
10000.0,74.36,69.56,79.16
12000.0,75.67,70.75,80.58
14000.0,80.95,76.45,85.45
16000.0,81.55,76.89,86.21
18000.0,85.47,80.38,90.55
20000.0,86.49,81.34,91.64
22000.0,87.79,83.06,92.53
24000.0,91.50,86.66,96.33
26000.0,90.45,86.03,94.87
28000.0,89.01,84.47,93.56
30000.0,90.63,85.66,95.61
32000.0,92.70,87.94,97.45
34000.0,94.24,89.82,98.66
36000.0,97.30,92.94,101.65
38000.0,92.41,87.19,97.63
40000.0,94.91,90.27,99.55
42000.0,94.44,89.90,98.99
44000.0,93.85,88.97,98.73
46000.0,96.24,91.58,100.90
48000.0,96.24,91.50,100.97
50000.0,94.66,91.21,98.10
52000.0,94.49,90.06,98.91
54000.0,94.46,90.35,98.57
56000.0,90.98,86.66,95.30
58000.0,95.14,90.56,99.71
60000.0,97.72,92.83,102.61
62000.0,95.04,90.35,99.72
64000.0,93.73,89.49,97.97
66000.0,95.32,91.49,99.16
68000.0,96.34,91.85,100.83
70000.0,98.97,94.68,103.25
72000.0,98.06,93.64,102.47
74000.0,99.95,95.42,104.49
76000.0,101.34,96.49,106.19
78000.0,103.67,98.32,109.02
80000.0,104.82,100.08,109.56
82000.0,101.31,96.55,106.07
84000.0,102.27,96.74,107.79
86000.0,99.03,94.99,103.06
88000.0,101.08,96.28,105.89
90000.0,97.60,93.58,101.62
92000.0,97.67,93.12,102.22
94000.0,98.57,94.27,102.87
96000.0,100.50,96.37,104.63
98000.0,100.12,95.44,104.81
100000.0,100.62,95.69,105.55
