step,mean,ci_down,ci_up
0.0,-0.12,-0.13,-0.11
2000.0,-0.19,-0.21,-0.17
4000.0,-0.23,-0.26,-0.21
6000.0,-0.27,-0.30,-0.24
8000.0,-0.30,-0.34,-0.27
10000.0,-0.33,-0.36,-0.30
12000.0,-0.35,-0.39,-0.32
14000.0,-0.37,-0.41,-0.33
16000.0,-0.39,-0.43,-0.35
18000.0,-0.41,-0.45,-0.36
20000.0,-0.42,-0.46,-0.38
22000.0,-0.43,-0.47,-0.39
24000.0,-0.44,-0.48,-0.40
26000.0,-0.45,-0.49,-0.41
28000.0,-0.46,-0.51,-0.42
30000.0,-0.47,-0.52,-0.43
32000.0,-0.48,-0.53,-0.44
34000.0,-0.50,-0.54,-0.45
36000.0,-0.51,-0.55,-0.46
38000.0,-0.51,-0.56,-0.47
40000.0,-0.52,-0.57,-0.48
42000.0,-0.53,-0.58,-0.48
44000.0,-0.54,-0.58,-0.49
46000.0,-0.54,-0.59,-0.50
48000.0,-0.55,-0.60,-0.51
50000.0,-0.56,-0.60,-0.51
52000.0,-0.56,-0.61,-0.52
54000.0,-0.57,-0.62,-0.53
56000.0,-0.58,-0.62,-0.53
58000.0,-0.59,-0.64,-0.54
60000.0,-0.60,-0.64,-0.55
62000.0,-0.60,-0.65,-0.56
64000.0,-0.61,-0.66,-0.57
66000.0,-0.62,-0.67,-0.57
68000.0,-0.63,-0.68,-0.58
70000.0,-0.63,-0.69,-0.58
72000.0,-0.64,-0.69,-0.59
74000.0,-0.65,-0.70,-0.59
76000.0,-0.65,-0.71,-0.60
78000.0,-0.66,-0.71,-0.60
80000.0,-0.67,-0.72,-0.61
82000.0,-0.67,-0.73,-0.61
84000.0,-0.68,-0.74,-0.62
86000.0,-0.69,-0.75,-0.63
88000.0,-0.70,-0.76,-0.63
90000.0,-0.70,-0.77,-0.64
92000.0,-0.71,-0.77,-0.65
94000.0,-0.72,-0.78,-0.65
96000.0,-0.72,-0.79,-0.66
