step,mean,ci_down,ci_up
10000.0,65.38,60.54,70.22
12000.0,137.37,129.66,145.09
14000.0,211.94,202.41,221.47
16000.0,288.33,277.18,299.48
18000.0,369.75,356.30,383.19
20000.0,454.26,439.14,469.37
22000.0,542.00,525.60,558.40
24000.0,628.21,610.68,645.75
26000.0,715.64,697.08,734.20
28000.0,804.20,784.19,824.22
30000.0,897.13,875.03,919.24
32000.0,988.56,964.33,1012.79
34000.0,1081.97,1055.77,1108.16
36000.0,1177.65,1149.75,1205.54
38000.0,1273.46,1244.23,1302.68
40000.0,1367.17,1336.94,1397.40
42000.0,1460.37,1429.13,1491.61
44000.0,1555.82,1523.52,1588.11
46000.0,1650.74,1617.75,1683.73
48000.0,1744.41,1710.90,1777.92
50000.0,1839.46,1806.04,1872.88
52000.0,1938.95,1904.67,1973.23
54000.0,2040.34,2005.67,2075.01
56000.0,2138.39,2103.68,2173.09
58000.0,2238.12,2202.70,2273.54
60000.0,2337.32,2301.68,2372.96
62000.0,2435.36,2399.43,2471.29
64000.0,2537.04,2501.39,2572.69
66000.0,2638.97,2602.24,2675.69
68000.0,2739.21,2701.28,2777.13
70000.0,2835.50,2796.78,2874.21
72000.0,2935.44,2896.28,2974.59
74000.0,3036.33,2996.89,3075.78
76000.0,3136.95,3096.37,3177.54
78000.0,3234.84,3193.69,3276.00
80000.0,3335.71,3293.76,3377.66
82000.0,3435.64,3392.65,3478.64
84000.0,3534.85,3491.34,3578.36
86000.0,3635.78,3591.75,3679.81
88000.0,3736.11,3691.08,3781.14
90000.0,3836.06,3791.15,3880.96
92000.0,3936.14,3890.05,3982.22
94000.0,4036.91,3990.22,4083.60
96000.0,4138.02,4090.28,4185.75
98000.0,4240.70,4192.51,4288.90
100000.0,4342.56,4294.86,4390.25
