step,mean,ci_down,ci_up
0.0,28.80,26.10,31.50
2000.0,74.89,69.07,80.72
4000.0,131.85,123.39,140.31
6000.0,198.90,184.61,213.19
8000.0,271.24,253.37,289.10
10000.0,345.64,326.53,364.76
12000.0,420.81,399.72,441.91
14000.0,503.08,480.08,526.07
16000.0,586.85,561.11,612.60
18000.0,676.24,648.93,703.55
20000.0,768.87,740.26,797.48
22000.0,857.28,828.18,886.38
24000.0,947.58,918.29,976.86
26000.0,1042.70,1012.41,1073.00
28000.0,1134.57,1101.68,1167.47
30000.0,1227.57,1191.12,1264.01
32000.0,1322.47,1283.40,1361.53
34000.0,1420.07,1379.17,1460.96
36000.0,1512.60,1468.00,1557.21
38000.0,1605.05,1558.98,1651.11
40000.0,1700.69,1653.77,1747.60
42000.0,1797.24,1750.37,1844.11
44000.0,1892.98,1845.49,1940.47
46000.0,1986.58,1939.52,2033.64
48000.0,2085.53,2038.82,2132.25
50000.0,2189.59,2142.46,2236.72
52000.0,2284.30,2238.12,2330.48
54000.0,2382.95,2336.48,2429.41
56000.0,2484.91,2439.93,2529.90
58000.0,2580.99,2536.09,2625.90
60000.0,2679.31,2634.03,2724.59
62000.0,2777.95,2730.19,2825.71
64000.0,2874.33,2826.02,2922.63
66000.0,2973.31,2926.02,3020.59
68000.0,3076.32,3030.55,3122.09
70000.0,3178.99,3133.85,3224.13
72000.0,3281.85,3236.22,3327.48
74000.0,3380.03,3332.85,3427.21
76000.0,3482.26,3433.39,3531.14
78000.0,3582.06,3531.36,3632.76
80000.0,3681.99,3630.50,3733.47
82000.0,3783.79,3732.49,3835.10
84000.0,3884.13,3830.40,3937.85
86000.0,3979.88,3924.97,4034.79
88000.0,4082.69,4025.98,4139.39
90000.0,4186.11,4128.03,4244.19
92000.0,4292.80,4233.10,4352.51
94000.0,4399.98,4340.26,4459.71
96000.0,4504.44,4445.12,4563.77
