step,mean,ci_down,ci_up
0.0,28.80,26.55,31.05
2000.0,46.13,43.25,49.01
4000.0,58.48,54.86,62.09
6000.0,65.38,61.34,69.42
8000.0,72.16,68.53,75.78
10000.0,74.73,71.46,78.00
12000.0,76.36,73.37,79.35
14000.0,81.42,78.38,84.46
16000.0,84.70,81.21,88.19
18000.0,87.26,84.04,90.48
20000.0,85.57,82.00,89.14
22000.0,86.89,84.01,89.76
24000.0,87.96,84.32,91.59
26000.0,92.38,89.18,95.57
28000.0,91.45,87.95,94.94
30000.0,93.22,90.30,96.13
32000.0,96.36,93.05,99.67
34000.0,96.39,93.40,99.39
36000.0,94.01,91.11,96.91
38000.0,93.87,91.04,96.71
40000.0,95.83,92.80,98.86
42000.0,95.06,91.74,98.38
44000.0,93.97,91.11,96.83
46000.0,94.97,92.27,97.68
48000.0,99.12,96.47,101.78
50000.0,101.18,98.35,104.01
52000.0,97.85,95.45,100.26
54000.0,99.75,96.41,103.10
56000.0,98.50,95.31,101.70
58000.0,97.43,94.57,100.29
60000.0,101.30,97.89,104.70
62000.0,102.07,98.45,105.69
64000.0,100.47,96.85,104.10
66000.0,96.44,93.61,99.27
68000.0,99.91,96.75,103.07
70000.0,100.82,97.50,104.14
72000.0,100.77,97.84,103.69
74000.0,98.22,95.24,101.21
76000.0,101.19,98.05,104.33
78000.0,99.80,97.09,102.51
80000.0,98.79,95.75,101.83
82000.0,100.73,98.03,103.44
84000.0,99.84,96.50,103.19
86000.0,99.72,96.36,103.08
88000.0,99.76,96.86,102.67
90000.0,100.06,96.96,103.16
92000.0,100.15,96.67,103.63
94000.0,102.01,98.85,105.16
96000.0,101.18,98.01,104.35
