step,mean,ci_down,ci_up
600.0,-1722.30,-3522.97,78.38
650.0,-1732.30,-3532.97,68.38
700.0,-1742.30,-3542.97,58.38
750.0,-1752.30,-3552.97,48.38
800.0,-1997.72,-3370.55,-624.89
850.0,-2007.72,-3380.55,-634.89
900.0,-2017.72,-3390.55,-644.89
950.0,-2027.72,-3400.55,-654.89
1000.0,-2037.72,-3410.55,-664.89
1050.0,-2178.53,-3590.10,-766.96
1100.0,-6428.98,-12196.46,-661.49
1150.0,-6438.98,-12206.46,-671.49
1200.0,-6448.98,-12216.46,-681.49
1250.0,-6458.98,-12226.46,-691.49
1300.0,-6468.98,-12236.46,-701.49
1350.0,-6478.98,-12246.46,-711.49
1400.0,-6488.98,-12256.46,-721.49
1450.0,-6498.98,-12266.46,-731.49
1500.0,-6508.98,-12276.46,-741.49
1550.0,-6518.98,-12286.46,-751.49
1600.0,-6528.98,-12296.46,-761.49
1650.0,-6538.98,-12306.46,-771.49
1700.0,-6548.98,-12316.46,-781.49
1750.0,-6558.98,-12326.46,-791.49
1800.0,-6568.98,-12336.46,-801.49
1850.0,-6578.98,-12346.46,-811.49
1900.0,-6588.98,-12356.46,-821.49
1950.0,-6598.98,-12366.46,-831.49
2000.0,-6608.98,-12376.46,-841.49
2050.0,-6618.98,-12386.46,-851.49
2100.0,-6628.98,-12396.46,-861.49
2150.0,-6638.98,-12406.46,-871.49
2200.0,-6648.98,-12416.46,-881.49
2250.0,-6658.98,-12426.46,-891.49
2300.0,-6668.98,-12436.46,-901.49
2350.0,-6669.52,-12432.50,-906.54
2400.0,-6670.06,-12428.59,-911.54
2450.0,-6670.61,-12424.73,-916.48
2500.0,-6671.15,-12420.94,-921.36
2550.0,-6671.69,-12417.20,-926.19
2600.0,-6672.24,-12413.52,-930.96
2650.0,-6663.32,-12386.74,-939.91
2700.0,-6663.87,-12383.13,-944.60
2750.0,-6654.95,-12356.38,-953.53
2800.0,-6646.04,-12329.63,-962.45
2850.0,-6637.13,-12302.88,-971.37
2900.0,-6628.21,-12276.14,-980.29
2950.0,-6619.30,-12249.41,-989.19
3000.0,-6610.39,-12222.68,-998.10
3050.0,-6601.47,-12195.96,-1006.99
3100.0,-6592.56,-12169.24,-1015.88
3150.0,-6583.65,-12142.53,-1024.77
3200.0,-6574.73,-12115.82,-1033.65
3250.0,-6565.82,-12089.12,-1042.52
3300.0,-6556.91,-12062.43,-1051.39
3350.0,-6547.99,-12035.74,-1060.25
3400.0,-6539.08,-12009.06,-1069.10
3450.0,-6530.17,-11982.38,-1077.95
3500.0,-6521.25,-11955.71,-1086.79
3550.0,-6502.88,-11937.34,-1068.42
3600.0,-6484.51,-11918.97,-1050.05
3650.0,-6466.14,-11900.60,-1031.68
3700.0,-6447.77,-11882.23,-1013.31
3750.0,-6429.40,-11863.86,-994.94
3800.0,-6411.03,-11845.49,-976.57
3850.0,-6392.66,-11827.12,-958.20
3900.0,-6374.29,-11808.75,-939.83
3950.0,-6355.92,-11790.38,-921.46
4000.0,-6337.55,-11772.01,-903.09
4050.0,-6319.18,-11753.64,-884.72
4100.0,-6300.81,-11735.27,-866.35
4150.0,-6282.44,-11716.90,-847.98
4200.0,-6264.07,-11698.53,-829.61
4250.0,-6245.70,-11680.16,-811.24
4300.0,-6227.33,-11661.79,-792.87
4350.0,-6208.96,-11643.42,-774.50
4400.0,-6190.59,-11625.05,-756.13
4450.0,-6172.22,-11606.68,-737.76
4500.0,-6153.85,-11588.31,-719.39
4550.0,-6135.48,-11569.94,-701.02
4600.0,-6117.11,-11551.57,-682.65
4650.0,-6098.74,-11533.20,-664.28
4700.0,-6080.37,-11514.83,-645.91
4750.0,-6062.00,-11496.46,-627.54
4800.0,-6043.63,-11478.09,-609.17
4850.0,-6025.26,-11459.72,-590.80
4900.0,-6006.89,-11441.35,-572.43
4950.0,-5988.52,-11422.98,-554.06
5000.0,-5970.15,-11404.61,-535.69
5050.0,-5951.78,-11386.24,-517.32
5100.0,-5933.41,-11367.87,-498.95
5150.0,-5915.04,-11349.50,-480.58
5200.0,-5896.67,-11331.13,-462.21
5250.0,-5878.30,-11312.76,-443.84
5300.0,-5859.93,-11294.39,-425.47
5350.0,-5841.56,-11276.02,-407.10
5400.0,-5823.19,-11257.65,-388.73
5450.0,-5804.82,-11239.28,-370.36
5500.0,-5786.45,-11220.91,-351.99
5550.0,-5768.08,-11202.54,-333.62
5600.0,-5749.71,-11184.17,-315.25
5650.0,-5731.34,-11165.80,-296.88
5700.0,-5712.97,-11147.43,-278.51
5750.0,-5694.60,-11129.06,-260.14
5800.0,-5676.23,-11110.69,-241.77
5850.0,-5657.86,-11092.32,-223.40
5900.0,-5639.49,-11073.95,-205.03
5950.0,-5621.12,-11055.58,-186.66
6000.0,-5602.75,-11037.21,-168.29
6050.0,-5584.38,-11018.84,-149.92
6100.0,-5566.01,-11000.47,-131.55
6150.0,-5547.64,-10982.10,-113.18
6200.0,-5529.27,-10963.73,-94.81
6250.0,-5510.90,-10945.36,-76.44
6300.0,-5492.53,-10926.99,-58.07
6350.0,-5474.16,-10908.62,-39.70
6400.0,-5455.79,-10890.25,-21.33
6450.0,-5437.42,-10871.88,-2.96
6500.0,-5419.05,-10853.51,15.41
6550.0,-5400.68,-10835.14,33.78
6600.0,-5382.31,-10816.77,52.15
6650.0,-5363.94,-10798.40,70.52
6700.0,-5345.57,-10780.03,88.89
6750.0,-5327.20,-10761.66,107.26
6800.0,-5308.83,-10743.29,125.63
6850.0,-5290.46,-10724.92,144.00
6900.0,-5272.09,-10706.55,162.37
6950.0,-5253.72,-10688.18,180.74
7000.0,-5235.35,-10669.81,199.11
7050.0,-5216.98,-10651.44,217.48
7100.0,-5198.61,-10633.07,235.85
7150.0,-5180.24,-10614.70,254.22
7200.0,-5161.87,-10596.33,272.59
7250.0,-5143.50,-10577.96,290.96
7300.0,-5125.13,-10559.59,309.33
7350.0,-5106.76,-10541.22,327.70
7400.0,-5088.39,-10522.85,346.07
7450.0,-5070.02,-10504.48,364.44
7500.0,-5051.65,-10486.11,382.81
7550.0,-5033.28,-10467.74,401.18
7600.0,-5014.91,-10449.37,419.55
7650.0,-4996.54,-10431.00,437.92
7700.0,-4978.17,-10412.63,456.29
7750.0,-4959.80,-10394.26,474.66
7800.0,-4941.43,-10375.89,493.03
7850.0,-4923.06,-10357.52,511.40
7900.0,-4904.69,-10339.15,529.77
7950.0,-4886.32,-10320.78,548.14
8000.0,-4867.95,-10302.41,566.51
