step,mean,ci_down,ci_up
0.0,112.75,48.42,177.08
50.0,248.75,183.75,313.75
100.0,379.62,240.06,519.19
150.0,532.12,344.85,719.40
200.0,706.50,519.69,893.31
250.0,908.50,721.69,1095.31
300.0,1041.25,851.80,1230.70
350.0,1243.25,1053.80,1432.70
400.0,1445.25,1255.80,1634.70
450.0,1647.25,1457.80,1836.70
500.0,1849.25,1659.80,2038.70
550.0,2051.25,1861.80,2240.70
600.0,2253.25,2063.80,2442.70
650.0,2455.25,2265.80,2644.70
700.0,2657.25,2467.80,2846.70
750.0,2859.25,2669.80,3048.70
800.0,3061.25,2871.80,3250.70
850.0,3263.25,3073.80,3452.70
900.0,3465.25,3275.80,3654.70
950.0,3667.25,3477.80,3856.70
1000.0,3869.25,3679.80,4058.70
1050.0,4071.25,3881.80,4260.70
1100.0,4273.25,4083.80,4462.70
1150.0,4475.25,4285.80,4664.70
1200.0,4677.25,4487.80,4866.70
1250.0,4879.25,4689.80,5068.70
1300.0,5081.25,4891.80,5270.70
1350.0,5283.25,5093.80,5472.70
1400.0,5485.25,5295.80,5674.70
1450.0,5687.25,5497.80,5876.70
1500.0,5843.75,5634.83,6052.67
1550.0,6000.25,5740.31,6260.19
1600.0,6156.75,5828.64,6484.86
1650.0,6313.25,5908.39,6718.11
1700.0,6469.75,5983.61,6955.89
1750.0,6626.25,6056.24,7196.26
1800.0,6782.75,6127.26,7438.24
1850.0,6939.25,6197.24,7681.26
1900.0,7095.75,6266.50,7925.00
1950.0,7252.25,6335.24,8169.26
2000.0,7408.75,6403.61,8413.89
2050.0,7565.25,6471.68,8658.82
2100.0,7721.75,6539.54,8903.96
2150.0,7878.25,6607.21,9149.29
2200.0,8034.75,6674.75,9394.75
2250.0,8191.25,6742.17,9640.33
2300.0,8302.25,6784.55,9819.95
2350.0,8413.25,6823.11,10003.39
2400.0,8524.25,6858.35,10190.15
2450.0,8635.25,6890.69,10379.81
2500.0,8746.25,6920.53,10571.97
2550.0,8857.25,6948.16,10766.34
2600.0,8968.25,6973.88,10962.62
2650.0,9079.25,6997.91,11160.59
2700.0,9190.25,7020.46,11360.04
2750.0,9301.25,7041.71,11560.79
2800.0,9366.75,7056.09,11677.41
2850.0,9432.25,7068.17,11796.33
2900.0,9497.75,7078.08,11917.42
2950.0,9517.75,7098.08,11937.42
3000.0,9537.75,7118.08,11957.42
3050.0,9557.75,7138.08,11977.42
3100.0,9577.75,7158.08,11997.42
3150.0,9597.75,7178.08,12017.42
3200.0,9663.25,7185.97,12140.53
3250.0,9683.25,7205.97,12160.53
3300.0,9703.25,7225.97,12180.53
3350.0,9723.25,7245.97,12200.53
3400.0,9743.25,7265.97,12220.53
3450.0,9763.25,7285.97,12240.53
3500.0,9783.25,7305.97,12260.53
3550.0,9803.25,7325.97,12280.53
3600.0,9823.25,7345.97,12300.53
3650.0,9843.25,7365.97,12320.53
3700.0,9863.25,7385.97,12340.53
3750.0,9883.25,7405.97,12360.53
3800.0,9903.25,7425.97,12380.53
3850.0,9923.25,7445.97,12400.53
3900.0,9943.25,7465.97,12420.53
3950.0,9963.25,7485.97,12440.53
4000.0,9983.25,7505.97,12460.53
4050.0,10003.25,7525.97,12480.53
4100.0,10023.25,7545.97,12500.53
4150.0,10043.25,7565.97,12520.53
4200.0,10063.25,7585.97,12540.53
4250.0,10083.25,7605.97,12560.53
4300.0,10103.25,7625.97,12580.53
4350.0,10123.25,7645.97,12600.53
4400.0,10143.25,7665.97,12620.53
4450.0,10163.25,7685.97,12640.53
4500.0,10183.25,7705.97,12660.53
4550.0,10203.25,7725.97,12680.53
4600.0,10223.25,7745.97,12700.53
4650.0,10243.25,7765.97,12720.53
4700.0,10263.25,7785.97,12740.53
4750.0,10283.25,7805.97,12760.53
4800.0,10303.25,7825.97,12780.53
4850.0,10323.25,7845.97,12800.53
4900.0,10343.25,7865.97,12820.53
4950.0,10363.25,7885.97,12840.53
5000.0,10383.25,7905.97,12860.53
5050.0,10403.25,7925.97,12880.53
5100.0,10423.25,7945.97,12900.53
5150.0,10443.25,7965.97,12920.53
5200.0,10463.25,7985.97,12940.53
5250.0,10483.25,8005.97,12960.53
5300.0,10503.25,8025.97,12980.53
5350.0,10523.25,8045.97,13000.53
5400.0,10543.25,8065.97,13020.53
5450.0,10563.25,8085.97,13040.53
5500.0,10583.25,8105.97,13060.53
5550.0,10603.25,8125.97,13080.53
5600.0,10623.25,8145.97,13100.53
5650.0,10643.25,8165.97,13120.53
5700.0,10663.25,8185.97,13140.53
5750.0,10683.25,8205.97,13160.53
5800.0,10703.25,8225.97,13180.53
5850.0,10723.25,8245.97,13200.53
5900.0,10743.25,8265.97,13220.53
5950.0,10763.25,8285.97,13240.53
6000.0,10783.25,8305.97,13260.53
6050.0,10803.25,8325.97,13280.53
6100.0,10823.25,8345.97,13300.53
6150.0,10843.25,8365.97,13320.53
6200.0,10863.25,8385.97,13340.53
6250.0,10883.25,8405.97,13360.53
6300.0,10903.25,8425.97,13380.53
6350.0,10923.25,8445.97,13400.53
6400.0,10943.25,8465.97,13420.53
6450.0,10963.25,8485.97,13440.53
6500.0,10983.25,8505.97,13460.53
6550.0,11003.25,8525.97,13480.53
6600.0,11023.25,8545.97,13500.53
6650.0,11043.25,8565.97,13520.53
6700.0,11063.25,8585.97,13540.53
6750.0,11083.25,8605.97,13560.53
6800.0,11103.25,8625.97,13580.53
6850.0,11123.25,8645.97,13600.53
6900.0,11143.25,8665.97,13620.53
6950.0,11163.25,8685.97,13640.53
7000.0,11183.25,8705.97,13660.53
7050.0,11203.25,8725.97,13680.53
7100.0,11223.25,8745.97,13700.53
7150.0,11243.25,8765.97,13720.53
7200.0,11263.25,8785.97,13740.53
7250.0,11283.25,8805.97,13760.53
7300.0,11303.25,8825.97,13780.53
7350.0,11323.25,8845.97,13800.53
7400.0,11343.25,8865.97,13820.53
7450.0,11363.25,8885.97,13840.53
7500.0,11383.25,8905.97,13860.53
