step,mean,ci_down,ci_up
0.0,-1921.99,-3482.67,-361.30
50.0,-3032.59,-4963.63,-1101.54
100.0,-3979.61,-7105.92,-853.29
150.0,-4550.93,-7605.08,-1496.78
200.0,-5331.95,-8211.08,-2452.82
250.0,-5341.95,-8221.08,-2462.82
300.0,-5654.82,-8478.78,-2830.85
350.0,-5664.82,-8488.78,-2840.85
400.0,-6439.19,-8212.69,-4665.69
450.0,-6449.19,-8222.69,-4675.69
500.0,-6459.19,-8232.69,-4685.69
550.0,-6469.19,-8242.69,-4695.69
600.0,-6479.19,-8252.69,-4705.69
650.0,-6489.19,-8262.69,-4715.69
700.0,-6499.19,-8272.69,-4725.69
750.0,-6509.19,-8282.69,-4735.69
800.0,-6519.19,-8292.69,-4745.69
850.0,-6529.19,-8302.69,-4755.69
900.0,-6539.19,-8312.69,-4765.69
950.0,-6549.19,-8322.69,-4775.69
1000.0,-6559.19,-8332.69,-4785.69
1050.0,-6569.19,-8342.69,-4795.69
1100.0,-6579.19,-8352.69,-4805.69
1150.0,-6589.19,-8362.69,-4815.69
1200.0,-6599.19,-8372.69,-4825.69
1250.0,-6609.19,-8382.69,-4835.69
1300.0,-6619.19,-8392.69,-4845.69
1350.0,-6629.19,-8402.69,-4855.69
1400.0,-6639.19,-8412.69,-4865.69
1450.0,-6649.19,-8422.69,-4875.69
1500.0,-6652.10,-8431.64,-4872.55
1550.0,-6655.00,-8440.67,-4869.33
1600.0,-6657.91,-8449.80,-4866.02
1650.0,-6660.82,-8459.02,-4862.62
1700.0,-6663.73,-8468.32,-4859.13
1750.0,-6666.63,-8477.70,-4855.56
1800.0,-6669.54,-8487.18,-4851.90
1850.0,-6672.45,-8496.73,-4848.16
1900.0,-6675.36,-8506.37,-4844.34
1950.0,-6678.26,-8516.09,-4840.43
2000.0,-6681.17,-8525.90,-4836.44
2050.0,-6684.08,-8535.78,-4832.38
2100.0,-6686.99,-8545.74,-4828.23
2150.0,-6689.89,-8555.78,-4824.00
2200.0,-6692.80,-8565.90,-4819.70
2250.0,-6695.71,-8576.10,-4815.32
2300.0,-6691.52,-8566.06,-4816.99
2350.0,-6687.34,-8556.14,-4818.53
2400.0,-6683.15,-8546.35,-4819.96
2450.0,-6678.97,-8536.68,-4821.26
2500.0,-6674.78,-8527.13,-4822.43
2550.0,-6670.60,-8517.71,-4823.48
2600.0,-6666.41,-8508.42,-4824.40
2650.0,-6662.23,-8499.26,-4825.19
2700.0,-6658.04,-8490.23,-4825.86
2750.0,-6653.86,-8481.32,-4826.39
2800.0,-6642.58,-8464.91,-4820.25
2850.0,-6631.30,-8448.60,-4814.01
2900.0,-6620.02,-8432.37,-4807.68
2950.0,-6601.65,-8414.00,-4789.31
3000.0,-6583.28,-8395.63,-4770.94
3050.0,-6564.91,-8377.26,-4752.57
3100.0,-6546.54,-8358.89,-4734.20
3150.0,-6528.17,-8340.52,-4715.83
3200.0,-6516.90,-8324.39,-4709.40
3250.0,-6498.53,-8306.02,-4691.03
3300.0,-6480.16,-8287.65,-4672.66
3350.0,-6461.79,-8269.28,-4654.29
3400.0,-6443.42,-8250.91,-4635.92
3450.0,-6425.05,-8232.54,-4617.55
3500.0,-6406.68,-8214.17,-4599.18
3550.0,-6388.31,-8195.80,-4580.81
3600.0,-6369.94,-8177.43,-4562.44
3650.0,-6351.57,-8159.06,-4544.07
3700.0,-6333.20,-8140.69,-4525.70
3750.0,-6314.83,-8122.32,-4507.33
3800.0,-6296.46,-8103.95,-4488.96
3850.0,-6278.09,-8085.58,-4470.59
3900.0,-6259.72,-8067.21,-4452.22
3950.0,-6241.35,-8048.84,-4433.85
4000.0,-6222.98,-8030.47,-4415.48
4050.0,-6204.61,-8012.10,-4397.11
4100.0,-6186.24,-7993.73,-4378.74
4150.0,-6167.87,-7975.36,-4360.37
4200.0,-6149.50,-7956.99,-4342.00
4250.0,-6131.13,-7938.62,-4323.63
4300.0,-6112.76,-7920.25,-4305.26
4350.0,-6094.39,-7901.88,-4286.89
4400.0,-6076.02,-7883.51,-4268.52
4450.0,-6057.65,-7865.14,-4250.15
4500.0,-6039.28,-7846.77,-4231.78
4550.0,-6020.91,-7828.40,-4213.41
4600.0,-6002.54,-7810.03,-4195.04
4650.0,-5984.17,-7791.66,-4176.67
4700.0,-5965.80,-7773.29,-4158.30
4750.0,-5947.43,-7754.92,-4139.93
4800.0,-5929.06,-7736.55,-4121.56
4850.0,-5910.69,-7718.18,-4103.19
4900.0,-5892.32,-7699.81,-4084.82
4950.0,-5873.95,-7681.44,-4066.45
5000.0,-5855.58,-7663.07,-4048.08
5050.0,-5837.21,-7644.70,-4029.71
5100.0,-5818.84,-7626.33,-4011.34
5150.0,-5800.47,-7607.96,-3992.97
5200.0,-5782.10,-7589.59,-3974.60
5250.0,-5763.73,-7571.22,-3956.23
5300.0,-5745.36,-7552.85,-3937.86
5350.0,-5726.99,-7534.48,-3919.49
5400.0,-5708.62,-7516.11,-3901.12
5450.0,-5690.25,-7497.74,-3882.75
5500.0,-5671.88,-7479.37,-3864.38
5550.0,-5653.51,-7461.00,-3846.01
5600.0,-5635.14,-7442.63,-3827.64
5650.0,-5616.77,-7424.26,-3809.27
5700.0,-5598.40,-7405.89,-3790.90
5750.0,-5580.03,-7387.52,-3772.53
5800.0,-5561.66,-7369.15,-3754.16
5850.0,-5543.29,-7350.78,-3735.79
5900.0,-5524.92,-7332.41,-3717.42
5950.0,-5506.55,-7314.04,-3699.05
6000.0,-5488.18,-7295.67,-3680.68
6050.0,-5469.81,-7277.30,-3662.31
6100.0,-5451.44,-7258.93,-3643.94
6150.0,-5433.07,-7240.56,-3625.57
6200.0,-5414.70,-7222.19,-3607.20
6250.0,-5396.33,-7203.82,-3588.83
6300.0,-5377.96,-7185.45,-3570.46
6350.0,-5359.59,-7167.08,-3552.09
6400.0,-5341.22,-7148.71,-3533.72
6450.0,-5322.85,-7130.34,-3515.35
6500.0,-5304.48,-7111.97,-3496.98
6550.0,-5286.11,-7093.60,-3478.61
6600.0,-5267.74,-7075.23,-3460.24
6650.0,-5249.37,-7056.86,-3441.87
6700.0,-5231.00,-7038.49,-3423.50
6750.0,-5212.63,-7020.12,-3405.13
6800.0,-5194.26,-7001.75,-3386.76
6850.0,-5175.89,-6983.38,-3368.39
6900.0,-5157.52,-6965.01,-3350.02
6950.0,-5139.15,-6946.64,-3331.65
7000.0,-5120.78,-6928.27,-3313.28
7050.0,-5102.41,-6909.90,-3294.91
7100.0,-5084.04,-6891.53,-3276.54
7150.0,-5065.67,-6873.16,-3258.17
7200.0,-5047.30,-6854.79,-3239.80
7250.0,-5028.93,-6836.42,-3221.43
7300.0,-5010.56,-6818.05,-3203.06
7350.0,-4992.19,-6799.68,-3184.69
7400.0,-4973.82,-6781.31,-3166.32
7450.0,-4955.45,-6762.94,-3147.95
7500.0,-4937.08,-6744.57,-3129.58
