step,mean,ci_down,ci_up
600.0,172.83,115.20,230.47
650.0,374.83,317.20,432.47
700.0,576.83,519.20,634.47
750.0,778.83,721.20,836.47
800.0,980.83,923.20,1038.47
850.0,1182.83,1125.20,1240.47
900.0,1384.83,1327.20,1442.47
950.0,1586.83,1529.20,1644.47
1000.0,1788.83,1731.20,1846.47
1050.0,1990.83,1933.20,2048.47
1100.0,2192.83,2135.20,2250.47
1150.0,2394.83,2337.20,2452.47
1200.0,2596.83,2539.20,2654.47
1250.0,2798.83,2741.20,2856.47
1300.0,3000.83,2943.20,3058.47
1350.0,3202.83,3145.20,3260.47
1400.0,3404.83,3347.20,3462.47
1450.0,3606.83,3549.20,3664.47
1500.0,3808.83,3751.20,3866.47
1550.0,4010.83,3953.20,4068.47
1600.0,4212.83,4155.20,4270.47
1650.0,4414.83,4357.20,4472.47
1700.0,4616.83,4559.20,4674.47
1750.0,4818.83,4761.20,4876.47
1800.0,5020.83,4963.20,5078.47
1850.0,5222.83,5165.20,5280.47
1900.0,5424.83,5367.20,5482.47
1950.0,5626.83,5569.20,5684.47
2000.0,5828.83,5771.20,5886.47
2050.0,6030.83,5973.20,6088.47
2100.0,6232.83,6175.20,6290.47
2150.0,6434.83,6377.20,6492.47
2200.0,6636.83,6579.20,6694.47
2250.0,6838.83,6781.20,6896.47
2300.0,7040.83,6983.20,7098.47
2350.0,7182.17,7078.32,7286.02
2400.0,7323.50,7106.72,7540.28
2450.0,7464.83,7130.25,7799.41
2500.0,7606.17,7152.69,8059.64
2550.0,7747.50,7174.72,8320.28
2600.0,7888.83,7196.54,8581.13
2650.0,7969.50,7203.48,8735.52
2700.0,8110.83,7227.04,8994.62
2750.0,8191.50,7226.24,9156.76
2800.0,8272.17,7218.08,9326.25
2850.0,8352.83,7204.26,9501.41
2900.0,8433.50,7186.07,9680.93
2950.0,8514.17,7164.46,9863.87
3000.0,8594.83,7140.17,10049.50
3050.0,8675.50,7113.72,10237.28
3100.0,8756.17,7085.54,10426.80
3150.0,8836.83,7055.94,10617.73
3200.0,8917.50,7025.16,10809.84
3250.0,8998.17,6993.42,11002.91
3300.0,9078.83,6960.85,11196.81
3350.0,9159.50,6927.59,11391.41
3400.0,9240.17,6893.74,11586.59
3450.0,9320.83,6859.37,11782.29
3500.0,9401.50,6824.57,11978.43
3550.0,9421.50,6844.57,11998.43
3600.0,9441.50,6864.57,12018.43
3650.0,9461.50,6884.57,12038.43
3700.0,9481.50,6904.57,12058.43
3750.0,9501.50,6924.57,12078.43
3800.0,9521.50,6944.57,12098.43
3850.0,9541.50,6964.57,12118.43
3900.0,9561.50,6984.57,12138.43
3950.0,9581.50,7004.57,12158.43
4000.0,9601.50,7024.57,12178.43
4050.0,9621.50,7044.57,12198.43
4100.0,9641.50,7064.57,12218.43
4150.0,9661.50,7084.57,12238.43
4200.0,9681.50,7104.57,12258.43
4250.0,9701.50,7124.57,12278.43
4300.0,9721.50,7144.57,12298.43
4350.0,9741.50,7164.57,12318.43
4400.0,9761.50,7184.57,12338.43
4450.0,9781.50,7204.57,12358.43
4500.0,9801.50,7224.57,12378.43
4550.0,9821.50,7244.57,12398.43
4600.0,9841.50,7264.57,12418.43
4650.0,9861.50,7284.57,12438.43
4700.0,9881.50,7304.57,12458.43
4750.0,9901.50,7324.57,12478.43
4800.0,9921.50,7344.57,12498.43
4850.0,9941.50,7364.57,12518.43
4900.0,9961.50,7384.57,12538.43
4950.0,9981.50,7404.57,12558.43
5000.0,10001.50,7424.57,12578.43
5050.0,10021.50,7444.57,12598.43
5100.0,10041.50,7464.57,12618.43
5150.0,10061.50,7484.57,12638.43
5200.0,10081.50,7504.57,12658.43
5250.0,10101.50,7524.57,12678.43
5300.0,10121.50,7544.57,12698.43
5350.0,10141.50,7564.57,12718.43
5400.0,10161.50,7584.57,12738.43
5450.0,10181.50,7604.57,12758.43
5500.0,10201.50,7624.57,12778.43
5550.0,10221.50,7644.57,12798.43
5600.0,10241.50,7664.57,12818.43
5650.0,10261.50,7684.57,12838.43
5700.0,10281.50,7704.57,12858.43
5750.0,10301.50,7724.57,12878.43
5800.0,10321.50,7744.57,12898.43
5850.0,10341.50,7764.57,12918.43
5900.0,10361.50,7784.57,12938.43
5950.0,10381.50,7804.57,12958.43
6000.0,10401.50,7824.57,12978.43
6050.0,10421.50,7844.57,12998.43
6100.0,10441.50,7864.57,13018.43
6150.0,10461.50,7884.57,13038.43
6200.0,10481.50,7904.57,13058.43
6250.0,10501.50,7924.57,13078.43
6300.0,10521.50,7944.57,13098.43
6350.0,10541.50,7964.57,13118.43
6400.0,10561.50,7984.57,13138.43
6450.0,10581.50,8004.57,13158.43
6500.0,10601.50,8024.57,13178.43
6550.0,10621.50,8044.57,13198.43
6600.0,10641.50,8064.57,13218.43
6650.0,10661.50,8084.57,13238.43
6700.0,10681.50,8104.57,13258.43
6750.0,10701.50,8124.57,13278.43
6800.0,10721.50,8144.57,13298.43
6850.0,10741.50,8164.57,13318.43
6900.0,10761.50,8184.57,13338.43
6950.0,10781.50,8204.57,13358.43
7000.0,10801.50,8224.57,13378.43
7050.0,10821.50,8244.57,13398.43
7100.0,10841.50,8264.57,13418.43
7150.0,10861.50,8284.57,13438.43
7200.0,10881.50,8304.57,13458.43
7250.0,10901.50,8324.57,13478.43
7300.0,10921.50,8344.57,13498.43
7350.0,10941.50,8364.57,13518.43
7400.0,10961.50,8384.57,13538.43
7450.0,10981.50,8404.57,13558.43
7500.0,11001.50,8424.57,13578.43
7550.0,11021.50,8444.57,13598.43
7600.0,11041.50,8464.57,13618.43
7650.0,11061.50,8484.57,13638.43
7700.0,11081.50,8504.57,13658.43
7750.0,11101.50,8524.57,13678.43
7800.0,11121.50,8544.57,13698.43
7850.0,11141.50,8564.57,13718.43
7900.0,11161.50,8584.57,13738.43
7950.0,11181.50,8604.57,13758.43
8000.0,11201.50,8624.57,13778.43
