step,mean,ci_down,ci_up
0.0,-342.48,-422.04,-262.92
50.0,-201.48,-257.32,-145.65
100.0,-154.83,-194.78,-114.87
150.0,-138.94,-175.48,-102.40
200.0,-112.14,-141.93,-82.36
250.0,-56.83,-78.02,-35.64
300.0,-40.55,-53.46,-27.63
350.0,-43.86,-60.23,-27.48
400.0,-35.43,-49.49,-21.38
450.0,-45.01,-59.49,-30.53
500.0,-36.09,-49.34,-22.85
550.0,-36.27,-51.25,-21.29
600.0,-29.49,-37.39,-21.59
650.0,-22.66,-30.37,-14.94
700.0,-38.33,-53.76,-22.91
750.0,-26.58,-37.73,-15.43
800.0,-23.64,-34.29,-12.98
850.0,-22.43,-33.13,-11.72
900.0,-19.72,-27.71,-11.74
950.0,-22.43,-32.35,-12.51
1000.0,-21.48,-29.91,-13.04
1050.0,-16.27,-21.56,-10.98
1100.0,-13.76,-17.33,-10.19
1150.0,-17.67,-24.60,-10.75
1200.0,-12.50,-14.68,-10.32
1250.0,-15.76,-22.77,-8.75
1300.0,-9.42,-10.78,-8.06
1350.0,-9.95,-12.21,-7.69
1400.0,-7.63,-7.98,-7.28
1450.0,-8.56,-10.50,-6.61
1500.0,-7.69,-9.17,-6.22
1550.0,-6.66,-8.13,-5.19
1600.0,-4.99,-6.08,-3.91
1650.0,-4.75,-6.30,-3.20
1700.0,-7.18,-12.86,-1.51
1750.0,-1.14,-1.80,-0.48
1800.0,-0.41,-1.71,0.88
1850.0,1.95,1.33,2.57
1900.0,2.77,1.83,3.71
1950.0,4.45,3.82,5.08
2000.0,5.12,4.03,6.21
2050.0,7.02,6.41,7.64
2100.0,6.54,4.80,8.29
2150.0,8.49,7.43,9.55
2200.0,9.55,8.91,10.19
2250.0,10.37,9.71,11.03
2300.0,10.54,9.42,11.66
2350.0,11.55,11.01,12.08
2400.0,11.95,11.39,12.51
2450.0,12.57,12.06,13.07
2500.0,13.27,12.79,13.75
2550.0,13.65,13.18,14.11
2600.0,13.84,13.30,14.38
2650.0,14.36,13.88,14.84
2700.0,14.66,14.20,15.13
2750.0,14.89,14.43,15.34
2800.0,15.11,14.66,15.56
2850.0,15.48,15.08,15.88
2900.0,15.19,14.18,16.21
2950.0,15.80,15.43,16.18
3000.0,15.90,15.17,16.63
3050.0,16.37,16.05,16.69
3100.0,16.55,16.25,16.86
3150.0,16.72,16.43,17.02
3200.0,16.92,16.65,17.20
3250.0,17.11,16.85,17.37
3300.0,17.24,16.99,17.48
3350.0,17.32,17.08,17.56
3400.0,17.43,17.21,17.66
3450.0,17.55,17.34,17.76
3500.0,17.67,17.48,17.87
3550.0,17.72,17.53,17.91
3600.0,17.83,17.66,18.00
3650.0,17.90,17.74,18.06
3700.0,17.86,17.69,18.03
3750.0,18.00,17.86,18.14
3800.0,18.03,17.89,18.17
3850.0,18.14,18.03,18.25
3900.0,18.17,18.07,18.28
3950.0,18.20,18.10,18.30
4000.0,18.24,18.16,18.33
4050.0,18.24,18.16,18.33
4100.0,18.28,18.22,18.35
4150.0,18.30,18.24,18.36
4200.0,18.28,18.22,18.35
4250.0,18.30,18.24,18.36
4300.0,18.30,18.24,18.36
4350.0,18.33,18.28,18.38
4400.0,18.34,18.30,18.38
4450.0,18.31,18.26,18.37
4500.0,18.36,18.33,18.38
4550.0,18.36,18.33,18.38
4600.0,18.37,18.37,18.37
4650.0,18.37,18.37,18.37
4700.0,18.36,18.33,18.38
4750.0,18.36,18.33,18.38
4800.0,18.36,18.33,18.38
4850.0,18.37,18.37,18.37
4900.0,18.36,18.33,18.38
4950.0,18.37,18.37,18.37
5000.0,18.37,18.37,18.37
5050.0,18.37,18.37,18.37
5100.0,18.37,18.37,18.37
5150.0,18.37,18.37,18.37
5200.0,18.37,18.37,18.37
5250.0,18.37,18.37,18.37
5300.0,18.37,18.37,18.37
5350.0,18.37,18.37,18.37
5400.0,18.37,18.37,18.37
5450.0,18.37,18.37,18.37
5500.0,18.37,18.37,18.37
5550.0,18.37,18.37,18.37
5600.0,18.37,18.37,18.37
5650.0,18.37,18.37,18.37
5700.0,18.37,18.37,18.37
5750.0,18.37,18.37,18.37
5800.0,18.37,18.37,18.37
5850.0,18.37,18.37,18.37
5900.0,18.37,18.37,18.37
5950.0,18.37,18.37,18.37
6000.0,18.37,18.37,18.37
6050.0,18.37,18.37,18.37
6100.0,18.37,18.37,18.37
6150.0,18.37,18.37,18.37
6200.0,18.37,18.37,18.37
6250.0,18.37,18.37,18.37
6300.0,18.37,18.37,18.37
6350.0,18.37,18.37,18.37
6400.0,18.37,18.37,18.37
6450.0,18.37,18.37,18.37
6500.0,18.37,18.37,18.37
6550.0,18.37,18.37,18.37
6600.0,18.37,18.37,18.37
6650.0,18.37,18.37,18.37
6700.0,18.37,18.37,18.37
6750.0,18.37,18.37,18.37
6800.0,18.37,18.37,18.37
6850.0,18.37,18.37,18.37
6900.0,18.37,18.37,18.37
6950.0,18.37,18.37,18.37
7000.0,18.37,18.37,18.37
7050.0,18.37,18.37,18.37
7100.0,18.37,18.37,18.37
7150.0,18.37,18.37,18.37
7200.0,18.37,18.37,18.37
7250.0,18.37,18.37,18.37
