step,mean,ci_down,ci_up
0.0,183.19,178.54,187.84
50.0,190.77,187.54,194.00
100.0,195.52,193.30,197.75
150.0,196.19,194.26,198.11
200.0,197.85,196.33,199.36
250.0,200.40,199.49,201.30
300.0,200.45,199.55,201.35
350.0,200.45,199.54,201.35
400.0,200.08,199.12,201.05
450.0,200.13,199.19,201.08
500.0,200.56,199.75,201.38
550.0,200.65,199.87,201.43
600.0,199.60,198.55,200.64
650.0,201.42,200.92,201.91
700.0,200.66,199.90,201.42
750.0,200.91,200.23,201.59
800.0,200.98,200.34,201.62
850.0,201.20,200.63,201.77
900.0,201.39,200.89,201.88
950.0,201.40,200.91,201.88
1000.0,201.41,200.93,201.89
1050.0,200.75,200.06,201.43
1100.0,200.29,199.50,201.09
1150.0,199.46,198.50,200.42
1200.0,197.84,196.63,199.06
1250.0,195.13,193.58,196.68
1300.0,193.14,191.40,194.89
1350.0,190.51,188.54,192.47
1400.0,186.77,184.54,189.01
1450.0,184.17,181.78,186.57
1500.0,177.18,174.41,179.94
1550.0,173.10,170.16,176.04
1600.0,166.45,163.26,169.64
1650.0,160.64,157.27,164.01
1700.0,150.80,147.18,154.42
1750.0,144.07,140.32,147.82
1800.0,134.38,130.49,138.27
1850.0,125.20,121.22,129.17
1900.0,116.82,112.81,120.84
1950.0,109.27,105.25,113.29
2000.0,102.17,98.17,106.18
2050.0,92.80,88.86,96.74
2100.0,86.24,82.37,90.11
2150.0,80.51,76.72,84.30
2200.0,75.69,71.98,79.40
2250.0,70.14,66.55,73.74
2300.0,67.04,63.52,70.57
2350.0,63.77,60.33,67.21
2400.0,60.59,57.24,63.94
2450.0,57.22,53.97,60.46
2500.0,52.67,49.58,55.76
2550.0,50.30,47.31,53.30
2600.0,48.21,45.30,51.12
2650.0,45.12,42.34,47.89
2700.0,43.20,40.52,45.89
2750.0,41.75,39.14,44.36
2800.0,40.11,37.59,42.63
2850.0,38.20,35.79,40.61
2900.0,37.38,35.02,39.75
2950.0,36.11,33.82,38.39
3000.0,33.83,31.70,35.96
3050.0,32.83,30.77,34.89
3100.0,31.65,29.68,33.62
3150.0,30.56,28.68,32.44
3200.0,29.28,27.51,31.05
3250.0,28.10,26.44,29.76
3300.0,27.28,25.70,28.86
3350.0,26.73,25.22,28.25
3400.0,26.01,24.57,27.44
3450.0,25.28,23.93,26.63
3500.0,24.46,23.22,25.70
3550.0,24.19,22.98,25.39
3600.0,23.46,22.36,24.56
3650.0,23.00,21.98,24.03
3700.0,23.28,22.21,24.35
3750.0,22.37,21.45,23.28
3800.0,22.18,21.31,23.06
3850.0,21.46,20.74,22.17
3900.0,21.27,20.60,21.94
3950.0,21.09,20.47,21.71
4000.0,20.82,20.28,21.36
4050.0,20.82,20.28,21.36
4100.0,20.55,20.11,20.99
4150.0,20.45,20.05,20.86
4200.0,20.55,20.11,20.99
4250.0,20.45,20.05,20.86
4300.0,20.45,20.05,20.86
4350.0,20.27,19.96,20.58
4400.0,20.18,19.93,20.44
4450.0,20.36,20.00,20.72
4500.0,20.09,19.91,20.27
4550.0,20.09,19.91,20.27
4600.0,20.00,20.00,20.00
4650.0,20.00,20.00,20.00
4700.0,20.09,19.91,20.27
4750.0,20.09,19.91,20.27
4800.0,20.09,19.91,20.27
4850.0,20.00,20.00,20.00
4900.0,20.09,19.91,20.27
4950.0,20.00,20.00,20.00
5000.0,20.00,20.00,20.00
5050.0,20.00,20.00,20.00
5100.0,20.00,20.00,20.00
5150.0,20.00,20.00,20.00
5200.0,20.00,20.00,20.00
5250.0,20.00,20.00,20.00
5300.0,20.00,20.00,20.00
5350.0,20.00,20.00,20.00
5400.0,20.00,20.00,20.00
5450.0,20.00,20.00,20.00
5500.0,20.00,20.00,20.00
5550.0,20.00,20.00,20.00
5600.0,20.00,20.00,20.00
5650.0,20.00,20.00,20.00
5700.0,20.00,20.00,20.00
5750.0,20.00,20.00,20.00
5800.0,20.00,20.00,20.00
5850.0,20.00,20.00,20.00
5900.0,20.00,20.00,20.00
5950.0,20.00,20.00,20.00
6000.0,20.00,20.00,20.00
6050.0,20.00,20.00,20.00
6100.0,20.00,20.00,20.00
6150.0,20.00,20.00,20.00
6200.0,20.00,20.00,20.00
6250.0,20.00,20.00,20.00
6300.0,20.00,20.00,20.00
6350.0,20.00,20.00,20.00
6400.0,20.00,20.00,20.00
6450.0,20.00,20.00,20.00
6500.0,20.00,20.00,20.00
6550.0,20.00,20.00,20.00
6600.0,20.00,20.00,20.00
6650.0,20.00,20.00,20.00
6700.0,20.00,20.00,20.00
6750.0,20.00,20.00,20.00
6800.0,20.00,20.00,20.00
6850.0,20.00,20.00,20.00
6900.0,20.00,20.00,20.00
6950.0,20.00,20.00,20.00
7000.0,20.00,20.00,20.00
7050.0,20.00,20.00,20.00
7100.0,20.00,20.00,20.00
7150.0,20.00,20.00,20.00
7200.0,20.00,20.00,20.00
7250.0,20.00,20.00,20.00
