step,mean,ci_down,ci_up
600.0,171.17,132.55,209.79
650.0,193.95,178.04,209.86
700.0,202.00,202.00,202.00
750.0,202.00,202.00,202.00
800.0,196.12,184.52,207.73
850.0,197.52,188.68,206.37
900.0,198.44,191.42,205.47
950.0,200.41,197.27,203.55
1000.0,202.00,202.00,202.00
1050.0,198.06,192.59,203.54
1100.0,195.07,189.04,201.10
1150.0,198.80,195.17,202.43
1200.0,198.96,195.94,201.99
1250.0,201.31,199.94,202.68
1300.0,200.24,198.23,202.24
1350.0,198.83,196.29,201.37
1400.0,200.60,199.00,202.20
1450.0,201.12,199.88,202.35
1500.0,200.57,199.11,202.02
1550.0,198.93,196.80,201.06
1600.0,200.87,199.58,202.16
1650.0,200.88,199.61,202.16
1700.0,201.28,200.28,202.28
1750.0,199.82,198.07,201.57
1800.0,200.63,199.28,201.98
1850.0,200.23,198.68,201.79
1900.0,200.23,198.68,201.79
1950.0,200.25,198.72,201.79
2000.0,200.25,198.71,201.79
2050.0,200.25,198.72,201.79
2100.0,199.55,197.74,201.37
2150.0,199.23,197.30,201.15
2200.0,198.86,196.80,200.91
2250.0,198.16,195.89,200.42
2300.0,195.36,192.41,198.32
2350.0,192.92,189.48,196.35
2400.0,189.26,185.26,193.27
2450.0,186.28,181.85,190.71
2500.0,182.44,177.55,187.32
2550.0,176.85,171.41,182.29
2600.0,172.66,166.86,178.46
2650.0,166.72,160.49,172.95
2700.0,160.08,153.44,166.72
2750.0,152.05,145.01,159.08
2800.0,146.81,139.56,154.06
2850.0,143.31,135.94,150.68
2900.0,136.33,128.75,143.90
2950.0,127.94,120.19,135.69
3000.0,120.25,112.40,128.10
3050.0,112.92,105.04,120.81
3100.0,110.13,102.24,118.01
3150.0,100.69,92.86,108.53
3200.0,95.11,87.34,102.87
3250.0,89.17,81.51,96.82
3300.0,85.32,77.76,92.89
3350.0,75.89,68.62,83.17
3400.0,72.75,65.60,79.91
3450.0,66.10,59.24,72.96
3500.0,61.30,54.69,67.91
3550.0,57.80,51.40,64.20
3600.0,56.75,50.41,63.09
3650.0,53.95,47.80,60.10
3700.0,50.80,44.88,56.72
3750.0,48.00,42.30,53.70
3800.0,45.20,39.75,50.65
3850.0,42.05,36.90,47.20
3900.0,39.60,34.71,44.49
3950.0,36.10,31.62,40.58
4000.0,35.40,31.01,39.79
4050.0,32.25,28.29,36.21
4100.0,30.85,27.11,34.59
4150.0,25.25,22.61,27.89
4200.0,24.20,21.83,26.57
4250.0,22.45,20.63,24.27
4300.0,22.45,20.63,24.27
4350.0,21.75,20.21,23.29
4400.0,21.40,20.02,22.78
4450.0,20.70,19.72,21.68
4500.0,20.35,19.66,21.04
4550.0,20.70,19.72,21.68
4600.0,20.35,19.66,21.04
4650.0,20.35,19.66,21.04
4700.0,20.00,20.00,20.00
4750.0,20.00,20.00,20.00
4800.0,20.00,20.00,20.00
4850.0,20.00,20.00,20.00
4900.0,20.00,20.00,20.00
4950.0,20.00,20.00,20.00
5000.0,20.00,20.00,20.00
5050.0,20.00,20.00,20.00
5100.0,20.00,20.00,20.00
5150.0,20.00,20.00,20.00
5200.0,20.00,20.00,20.00
5250.0,20.00,20.00,20.00
5300.0,20.00,20.00,20.00
5350.0,20.00,20.00,20.00
5400.0,20.00,20.00,20.00
5450.0,20.00,20.00,20.00
5500.0,20.00,20.00,20.00
5550.0,20.00,20.00,20.00
5600.0,20.00,20.00,20.00
5650.0,20.00,20.00,20.00
5700.0,20.00,20.00,20.00
5750.0,20.00,20.00,20.00
5800.0,20.00,20.00,20.00
5850.0,20.00,20.00,20.00
5900.0,20.00,20.00,20.00
5950.0,20.00,20.00,20.00
6000.0,20.00,20.00,20.00
6050.0,20.00,20.00,20.00
6100.0,20.00,20.00,20.00
6150.0,20.00,20.00,20.00
6200.0,20.00,20.00,20.00
6250.0,20.00,20.00,20.00
6300.0,20.00,20.00,20.00
6350.0,20.00,20.00,20.00
6400.0,20.00,20.00,20.00
6450.0,20.00,20.00,20.00
6500.0,20.00,20.00,20.00
6550.0,20.00,20.00,20.00
6600.0,20.00,20.00,20.00
6650.0,20.00,20.00,20.00
6700.0,20.00,20.00,20.00
6750.0,20.00,20.00,20.00
6800.0,20.00,20.00,20.00
6850.0,20.00,20.00,20.00
6900.0,20.00,20.00,20.00
6950.0,20.00,20.00,20.00
7000.0,20.00,20.00,20.00
7050.0,20.00,20.00,20.00
7100.0,20.00,20.00,20.00
7150.0,20.00,20.00,20.00
7200.0,20.00,20.00,20.00
7250.0,20.00,20.00,20.00
7300.0,20.00,20.00,20.00
7350.0,20.00,20.00,20.00
7400.0,20.00,20.00,20.00
7450.0,20.00,20.00,20.00
7500.0,20.00,20.00,20.00
7550.0,20.00,20.00,20.00
7600.0,20.00,20.00,20.00
7650.0,20.00,20.00,20.00
7700.0,20.00,20.00,20.00
7750.0,20.00,20.00,20.00
7800.0,20.00,20.00,20.00
7850.0,20.00,20.00,20.00
7900.0,20.00,20.00,20.00
7950.0,20.00,20.00,20.00
8000.0,20.00,20.00,20.00
