step,mean,ci_down,ci_up
600.0,-1617.61,-2672.38,-562.84
650.0,-619.13,-1430.49,192.24
700.0,-10.00,-10.00,-10.00
750.0,-196.56,-371.51,-21.61
800.0,-358.39,-813.43,96.66
850.0,-242.74,-451.77,-33.70
900.0,-117.87,-237.82,2.08
950.0,-94.47,-202.30,13.37
1000.0,-202.09,-433.93,29.75
1050.0,-231.22,-393.43,-69.01
1100.0,-325.30,-527.02,-123.57
1150.0,-245.79,-375.36,-116.21
1200.0,-208.40,-305.78,-111.02
1250.0,-236.03,-356.73,-115.32
1300.0,-128.53,-206.03,-51.02
1350.0,-94.78,-152.68,-36.88
1400.0,-61.20,-98.04,-24.36
1450.0,-84.84,-144.09,-25.58
1500.0,-72.89,-118.96,-26.81
1550.0,-77.23,-120.11,-34.36
1600.0,-48.12,-86.90,-9.33
1650.0,-44.20,-75.62,-12.77
1700.0,-17.38,-27.58,-7.17
1750.0,-22.94,-33.04,-12.84
1800.0,-13.45,-17.64,-9.27
1850.0,-11.63,-15.30,-7.97
1900.0,-12.98,-17.45,-8.52
1950.0,-10.17,-11.07,-9.26
2000.0,-11.29,-13.43,-9.15
2050.0,-10.70,-12.64,-8.76
2100.0,-10.59,-12.54,-8.65
2150.0,-10.84,-12.51,-9.16
2200.0,-10.51,-11.90,-9.12
2250.0,-9.40,-9.75,-9.05
2300.0,-9.75,-11.39,-8.12
2350.0,-8.58,-9.12,-8.05
2400.0,-9.41,-11.66,-7.17
2450.0,-7.66,-8.39,-6.93
2500.0,-6.95,-7.71,-6.19
2550.0,-6.08,-6.93,-5.23
2600.0,-6.07,-7.63,-4.50
2650.0,-5.89,-7.96,-3.81
2700.0,-3.54,-4.59,-2.49
2750.0,-2.57,-3.88,-1.25
2800.0,-1.40,-2.53,-0.27
2850.0,-0.85,-2.00,0.30
2900.0,0.24,-0.94,1.42
2950.0,1.54,0.34,2.75
3000.0,1.25,-1.88,4.38
3050.0,3.89,2.66,5.11
3100.0,4.04,2.74,5.33
3150.0,5.15,3.35,6.95
3200.0,6.15,4.53,7.77
3250.0,7.59,6.39,8.78
3300.0,7.61,5.93,9.30
3350.0,8.44,5.72,11.16
3400.0,10.14,9.02,11.25
3450.0,10.14,7.85,12.43
3500.0,11.93,10.90,12.96
3550.0,12.48,11.48,13.48
3600.0,12.64,11.65,13.63
3650.0,13.08,12.12,14.04
3700.0,13.57,12.65,14.49
3750.0,14.01,13.12,14.89
3800.0,14.44,13.59,15.29
3850.0,14.93,14.13,15.74
3900.0,15.31,14.55,16.08
3950.0,15.86,15.16,16.56
4000.0,15.97,15.28,16.65
4050.0,16.46,15.84,17.08
4100.0,16.68,16.10,17.26
4150.0,17.55,17.14,17.96
4200.0,17.72,17.35,18.08
4250.0,17.99,17.70,18.27
4300.0,17.99,17.70,18.27
4350.0,18.10,17.86,18.34
4400.0,18.15,17.94,18.37
4450.0,18.26,18.11,18.41
4500.0,18.32,18.21,18.42
4550.0,18.26,18.11,18.41
4600.0,18.32,18.21,18.42
4650.0,18.32,18.21,18.42
4700.0,18.37,18.37,18.37
4750.0,18.37,18.37,18.37
4800.0,18.37,18.37,18.37
4850.0,18.37,18.37,18.37
4900.0,18.37,18.37,18.37
4950.0,18.37,18.37,18.37
5000.0,18.37,18.37,18.37
5050.0,18.37,18.37,18.37
5100.0,18.37,18.37,18.37
5150.0,18.37,18.37,18.37
5200.0,18.37,18.37,18.37
5250.0,18.37,18.37,18.37
5300.0,18.37,18.37,18.37
5350.0,18.37,18.37,18.37
5400.0,18.37,18.37,18.37
5450.0,18.37,18.37,18.37
5500.0,18.37,18.37,18.37
5550.0,18.37,18.37,18.37
5600.0,18.37,18.37,18.37
5650.0,18.37,18.37,18.37
5700.0,18.37,18.37,18.37
5750.0,18.37,18.37,18.37
5800.0,18.37,18.37,18.37
5850.0,18.37,18.37,18.37
5900.0,18.37,18.37,18.37
5950.0,18.37,18.37,18.37
6000.0,18.37,18.37,18.37
6050.0,18.37,18.37,18.37
6100.0,18.37,18.37,18.37
6150.0,18.37,18.37,18.37
6200.0,18.37,18.37,18.37
6250.0,18.37,18.37,18.37
6300.0,18.37,18.37,18.37
6350.0,18.37,18.37,18.37
6400.0,18.37,18.37,18.37
6450.0,18.37,18.37,18.37
6500.0,18.37,18.37,18.37
6550.0,18.37,18.37,18.37
6600.0,18.37,18.37,18.37
6650.0,18.37,18.37,18.37
6700.0,18.37,18.37,18.37
6750.0,18.37,18.37,18.37
6800.0,18.37,18.37,18.37
6850.0,18.37,18.37,18.37
6900.0,18.37,18.37,18.37
6950.0,18.37,18.37,18.37
7000.0,18.37,18.37,18.37
7050.0,18.37,18.37,18.37
7100.0,18.37,18.37,18.37
7150.0,18.37,18.37,18.37
7200.0,18.37,18.37,18.37
7250.0,18.37,18.37,18.37
7300.0,18.37,18.37,18.37
7350.0,18.37,18.37,18.37
7400.0,18.37,18.37,18.37
7450.0,18.37,18.37,18.37
7500.0,18.37,18.37,18.37
7550.0,18.37,18.37,18.37
7600.0,18.37,18.37,18.37
7650.0,18.37,18.37,18.37
7700.0,18.37,18.37,18.37
7750.0,18.37,18.37,18.37
7800.0,18.37,18.37,18.37
7850.0,18.37,18.37,18.37
7900.0,18.37,18.37,18.37
7950.0,18.37,18.37,18.37
8000.0,18.37,18.37,18.37
