step,mean,ci_down,ci_up
0.0,7.29,2.86,11.71
2000.0,17.14,11.71,22.57
4000.0,28.71,22.52,34.91
6000.0,43.86,33.79,53.93
8000.0,57.86,45.08,70.63
10000.0,68.14,54.92,81.37
12000.0,83.86,68.00,99.71
14000.0,100.00,85.26,114.74
16000.0,120.57,106.25,134.89
18000.0,139.29,122.77,155.80
20000.0,158.86,142.99,174.72
22000.0,181.14,166.92,195.36
24000.0,199.43,182.56,216.30
26000.0,212.71,192.65,232.78
28000.0,228.14,207.99,248.30
30000.0,249.14,229.37,268.91
32000.0,268.86,248.96,288.76
34000.0,284.14,266.68,301.61
36000.0,295.71,277.19,314.23
38000.0,311.71,293.04,330.38
40000.0,327.29,305.89,348.68
42000.0,344.43,321.67,367.19
44000.0,360.00,335.12,384.88
46000.0,376.71,352.89,400.54
48000.0,398.71,377.52,419.91
50000.0,417.00,393.52,440.48
52000.0,438.14,414.67,461.61
54000.0,459.00,433.13,484.87
56000.0,477.86,449.87,505.85
58000.0,497.00,467.99,526.01
60000.0,518.00,487.19,548.81
62000.0,535.71,502.46,568.97
64000.0,552.29,516.81,587.76
66000.0,570.00,535.53,604.47
68000.0,586.57,549.32,623.83
70000.0,604.29,567.37,641.20
72000.0,621.57,584.59,658.55
74000.0,639.00,601.06,676.94
76000.0,660.57,621.15,700.00
78000.0,679.29,640.79,717.78
80000.0,696.14,656.98,735.30
82000.0,714.00,674.54,753.46
84000.0,731.43,692.24,770.62
86000.0,754.57,716.43,792.71
88000.0,773.14,735.32,810.96
90000.0,790.14,750.79,829.49
92000.0,808.14,769.84,846.44
94000.0,824.86,786.31,863.41
96000.0,842.71,805.17,880.26
98000.0,864.57,829.99,899.15
