step,mean,ci_down,ci_up
0.0,-0.08,-0.10,-0.07
2000.0,-0.12,-0.15,-0.10
4000.0,-0.16,-0.20,-0.13
6000.0,-0.19,-0.24,-0.14
8000.0,-0.21,-0.27,-0.15
10000.0,-0.24,-0.30,-0.17
12000.0,-0.26,-0.33,-0.18
14000.0,-0.27,-0.35,-0.19
16000.0,-0.28,-0.36,-0.19
18000.0,-0.28,-0.37,-0.20
20000.0,-0.29,-0.37,-0.20
22000.0,-0.30,-0.39,-0.20
24000.0,-0.32,-0.41,-0.23
26000.0,-0.33,-0.43,-0.24
28000.0,-0.34,-0.44,-0.24
30000.0,-0.35,-0.45,-0.25
32000.0,-0.35,-0.45,-0.25
34000.0,-0.37,-0.46,-0.27
36000.0,-0.40,-0.51,-0.29
38000.0,-0.42,-0.53,-0.30
40000.0,-0.44,-0.57,-0.31
42000.0,-0.46,-0.60,-0.32
44000.0,-0.47,-0.62,-0.32
46000.0,-0.48,-0.61,-0.35
48000.0,-0.49,-0.62,-0.36
50000.0,-0.50,-0.62,-0.37
52000.0,-0.50,-0.63,-0.38
54000.0,-0.51,-0.63,-0.38
56000.0,-0.51,-0.64,-0.38
58000.0,-0.52,-0.65,-0.39
60000.0,-0.52,-0.65,-0.39
62000.0,-0.52,-0.66,-0.39
64000.0,-0.52,-0.66,-0.39
66000.0,-0.53,-0.66,-0.39
68000.0,-0.53,-0.66,-0.39
70000.0,-0.53,-0.67,-0.40
72000.0,-0.53,-0.67,-0.39
74000.0,-0.54,-0.68,-0.40
76000.0,-0.54,-0.68,-0.40
78000.0,-0.54,-0.68,-0.40
80000.0,-0.54,-0.69,-0.40
82000.0,-0.54,-0.69,-0.40
84000.0,-0.55,-0.69,-0.40
86000.0,-0.55,-0.70,-0.40
88000.0,-0.55,-0.70,-0.40
90000.0,-0.55,-0.70,-0.40
92000.0,-0.55,-0.70,-0.40
94000.0,-0.56,-0.71,-0.40
96000.0,-0.56,-0.72,-0.40
98000.0,-0.56,-0.72,-0.40
