step,mean,ci_down,ci_up
0.0,39.97,35.36,44.58
2000.0,99.54,89.09,110.00
4000.0,166.68,148.86,184.51
6000.0,240.44,215.63,265.26
8000.0,325.84,292.72,358.96
10000.0,409.58,367.09,452.06
12000.0,496.72,444.66,548.77
14000.0,582.13,519.95,644.31
16000.0,669.29,600.74,737.84
18000.0,761.31,684.94,837.68
20000.0,856.46,772.25,940.68
22000.0,944.63,856.29,1032.98
24000.0,1029.81,947.91,1111.71
26000.0,1123.62,1049.65,1197.58
28000.0,1218.92,1144.23,1293.61
30000.0,1311.81,1233.63,1389.99
32000.0,1413.18,1329.13,1497.22
34000.0,1506.21,1420.14,1592.28
36000.0,1581.84,1481.73,1681.95
38000.0,1666.78,1558.80,1774.77
40000.0,1754.62,1634.80,1874.43
42000.0,1844.50,1710.71,1978.29
44000.0,1945.90,1802.36,2089.44
46000.0,2041.78,1905.36,2178.20
48000.0,2133.32,1998.07,2268.58
50000.0,2228.51,2091.52,2365.50
52000.0,2323.33,2190.01,2456.65
54000.0,2419.31,2279.57,2559.05
56000.0,2515.18,2373.43,2656.93
58000.0,2620.75,2469.98,2771.53
60000.0,2725.90,2571.13,2880.67
62000.0,2828.64,2667.22,2990.05
64000.0,2929.40,2767.90,3090.91
66000.0,3033.00,2875.09,3190.92
68000.0,3138.62,2983.82,3293.42
70000.0,3245.71,3093.89,3397.54
72000.0,3356.01,3203.76,3508.26
74000.0,3461.62,3307.08,3616.16
76000.0,3567.81,3411.07,3724.54
78000.0,3673.38,3515.49,3831.28
80000.0,3779.89,3616.82,3942.97
82000.0,3884.77,3719.72,4049.82
84000.0,3989.74,3821.06,4158.43
86000.0,4093.76,3927.79,4259.73
88000.0,4197.50,4027.10,4367.90
90000.0,4309.05,4129.40,4488.70
92000.0,4418.59,4237.47,4599.72
94000.0,4525.64,4339.51,4711.76
96000.0,4641.65,4451.32,4831.99
98000.0,4745.36,4559.24,4931.47
