step,mean,ci_down,ci_up
10000.0,84.38,73.79,94.97
12000.0,170.51,152.51,188.51
14000.0,259.14,234.91,283.37
16000.0,345.78,315.46,376.10
18000.0,433.08,398.16,468.00
20000.0,524.43,483.87,564.98
22000.0,618.48,573.30,663.66
24000.0,713.35,664.83,761.86
26000.0,807.02,759.59,854.46
28000.0,905.71,858.67,952.75
30000.0,1002.34,953.60,1051.09
32000.0,1098.16,1046.61,1149.70
34000.0,1199.95,1145.88,1254.02
36000.0,1290.44,1234.05,1346.84
38000.0,1362.14,1304.41,1419.86
40000.0,1428.18,1369.10,1487.25
42000.0,1502.34,1437.01,1567.67
44000.0,1582.22,1507.24,1657.20
46000.0,1673.01,1589.26,1756.77
48000.0,1766.83,1686.23,1847.44
50000.0,1860.40,1780.74,1940.07
52000.0,1951.57,1869.58,2033.56
54000.0,2041.85,1961.30,2122.41
56000.0,2134.86,2049.77,2219.95
58000.0,2228.96,2142.34,2315.58
60000.0,2333.75,2241.74,2425.75
62000.0,2435.77,2340.28,2531.25
64000.0,2535.82,2436.35,2635.30
66000.0,2638.29,2538.88,2737.70
68000.0,2736.28,2636.65,2835.90
70000.0,2836.57,2736.28,2936.87
72000.0,2941.35,2841.23,3041.48
74000.0,3046.52,2943.00,3150.03
76000.0,3146.12,3037.30,3254.95
78000.0,3248.44,3136.34,3360.54
80000.0,3354.69,3241.81,3467.57
82000.0,3460.36,3345.82,3574.90
84000.0,3564.47,3447.78,3681.15
86000.0,3667.56,3547.82,3787.30
88000.0,3769.85,3650.20,3889.51
90000.0,3870.37,3746.44,3994.30
92000.0,3977.63,3847.30,4107.95
94000.0,4082.44,3949.38,4215.49
96000.0,4188.51,4052.07,4324.94
98000.0,4298.98,4158.36,4439.60
100000.0,4403.31,4265.15,4541.47
