step,mean,ci_down,ci_up
10000.0,16.17,12.83,19.51
12000.0,30.83,24.38,37.28
14000.0,47.50,38.90,56.10
16000.0,63.92,55.49,72.35
18000.0,83.00,75.42,90.58
20000.0,101.67,93.27,110.06
22000.0,120.83,111.74,129.93
24000.0,140.83,129.90,151.77
26000.0,157.67,145.62,169.71
28000.0,171.25,157.63,184.87
30000.0,187.58,172.52,202.65
32000.0,207.75,191.89,223.61
34000.0,226.33,211.13,241.54
36000.0,241.42,225.96,256.87
38000.0,253.33,236.76,269.91
40000.0,265.92,249.07,282.76
42000.0,278.42,259.87,296.96
44000.0,292.92,273.34,312.49
46000.0,308.17,287.09,329.24
48000.0,323.67,302.45,344.88
50000.0,342.92,322.20,363.63
52000.0,360.00,336.77,383.23
54000.0,379.25,355.59,402.91
56000.0,398.00,372.99,423.01
58000.0,414.75,387.32,442.18
60000.0,431.75,403.73,459.77
62000.0,452.17,421.32,483.01
64000.0,469.50,438.01,500.99
66000.0,485.08,451.90,518.27
68000.0,503.58,470.69,536.47
70000.0,520.75,486.85,554.65
72000.0,538.42,505.11,571.72
74000.0,556.25,523.91,588.59
76000.0,574.25,541.71,606.79
78000.0,594.83,560.61,629.06
80000.0,612.67,577.85,647.48
82000.0,630.75,596.45,665.05
84000.0,649.83,616.49,683.18
86000.0,668.25,635.65,700.85
88000.0,689.33,656.77,721.90
90000.0,707.50,675.16,739.84
92000.0,726.42,694.00,758.84
94000.0,746.67,715.15,778.18
96000.0,763.50,732.51,794.49
98000.0,781.00,750.97,811.03
100000.0,800.58,771.15,830.01
