step,mean,ci_down,ci_up
10000.0,-0.02,-0.02,-0.01
12000.0,-0.04,-0.05,-0.02
14000.0,-0.05,-0.08,-0.02
16000.0,-0.06,-0.09,-0.03
18000.0,-0.07,-0.10,-0.04
20000.0,-0.08,-0.11,-0.04
22000.0,-0.08,-0.12,-0.05
24000.0,-0.09,-0.13,-0.05
26000.0,-0.10,-0.15,-0.06
28000.0,-0.11,-0.16,-0.07
30000.0,-0.12,-0.17,-0.08
32000.0,-0.13,-0.18,-0.08
34000.0,-0.13,-0.18,-0.08
36000.0,-0.15,-0.21,-0.10
38000.0,-0.19,-0.24,-0.13
40000.0,-0.23,-0.29,-0.18
42000.0,-0.27,-0.34,-0.21
44000.0,-0.30,-0.37,-0.23
46000.0,-0.31,-0.39,-0.24
48000.0,-0.33,-0.40,-0.26
50000.0,-0.34,-0.41,-0.27
52000.0,-0.35,-0.42,-0.28
54000.0,-0.36,-0.44,-0.29
56000.0,-0.37,-0.45,-0.29
58000.0,-0.38,-0.45,-0.30
60000.0,-0.38,-0.46,-0.30
62000.0,-0.39,-0.47,-0.30
64000.0,-0.39,-0.48,-0.31
66000.0,-0.40,-0.49,-0.31
68000.0,-0.40,-0.49,-0.31
70000.0,-0.41,-0.50,-0.32
72000.0,-0.42,-0.51,-0.32
74000.0,-0.42,-0.52,-0.32
76000.0,-0.43,-0.53,-0.32
78000.0,-0.43,-0.53,-0.32
80000.0,-0.43,-0.54,-0.33
82000.0,-0.43,-0.54,-0.33
84000.0,-0.44,-0.54,-0.33
86000.0,-0.44,-0.55,-0.33
88000.0,-0.44,-0.55,-0.33
90000.0,-0.45,-0.56,-0.34
92000.0,-0.45,-0.56,-0.34
94000.0,-0.45,-0.56,-0.34
96000.0,-0.45,-0.56,-0.34
98000.0,-0.46,-0.57,-0.34
100000.0,-0.46,-0.57,-0.35
