step,mean,ci_down,ci_up
0.0,14.64,11.11,18.16
2000.0,16.17,13.38,18.95
4000.0,15.00,12.01,17.99
6000.0,16.64,13.80,19.49
8000.0,15.43,12.75,18.11
10000.0,20.14,17.71,22.57
12000.0,18.36,16.10,20.61
14000.0,18.71,15.60,21.83
16000.0,19.93,16.26,23.59
18000.0,17.33,14.52,20.15
20000.0,14.13,12.01,16.26
22000.0,16.87,14.15,19.58
24000.0,18.87,15.88,21.85
26000.0,18.20,16.78,19.62
28000.0,15.44,11.90,18.99
30000.0,13.58,11.34,15.81
32000.0,12.89,10.84,14.93
34000.0,13.10,11.59,14.62
36000.0,14.05,12.47,15.63
38000.0,16.26,14.72,17.79
40000.0,14.89,13.58,16.20
42000.0,16.35,14.74,17.95
44000.0,16.52,15.04,18.00
46000.0,16.59,15.05,18.13
48000.0,17.09,15.46,18.72
50000.0,18.24,16.62,19.86
52000.0,17.65,16.32,18.98
54000.0,18.80,17.24,20.37
56000.0,17.74,16.31,19.17
58000.0,17.17,15.69,18.65
60000.0,16.91,15.53,18.30
62000.0,16.79,15.30,18.28
64000.0,17.46,15.91,19.00
66000.0,17.88,16.32,19.43
68000.0,18.12,16.75,19.50
70000.0,16.31,14.84,17.77
72000.0,17.02,15.51,18.53
74000.0,17.74,16.37,19.11
76000.0,16.90,15.48,18.32
78000.0,17.28,15.92,18.64
80000.0,19.00,17.54,20.46
82000.0,17.58,16.07,19.09
84000.0,18.26,16.72,19.80
86000.0,18.38,17.01,19.75
88000.0,16.68,15.35,18.01
90000.0,16.64,15.34,17.94
92000.0,16.64,15.24,18.04
