step,mean,ci_down,ci_up
0.0,71.92,62.08,81.76
2000.0,84.38,75.54,93.21
4000.0,84.76,76.17,93.35
6000.0,88.85,81.60,96.10
8000.0,89.73,83.30,96.16
10000.0,86.96,82.44,91.49
12000.0,91.83,85.66,97.99
14000.0,91.66,86.20,97.11
16000.0,95.41,88.87,101.94
18000.0,96.28,87.06,105.49
20000.0,96.72,87.59,105.85
22000.0,95.07,88.46,101.67
24000.0,95.72,89.66,101.78
26000.0,99.55,94.56,104.53
28000.0,89.78,77.24,102.31
30000.0,80.36,69.76,90.95
32000.0,76.78,67.68,85.87
34000.0,85.17,77.91,92.44
36000.0,84.33,78.61,90.06
38000.0,90.95,86.71,95.19
40000.0,96.64,92.66,100.63
42000.0,98.30,93.70,102.90
44000.0,98.23,94.73,101.72
46000.0,98.45,94.78,102.12
48000.0,100.79,97.32,104.26
50000.0,102.20,99.17,105.24
52000.0,105.94,102.63,109.25
54000.0,105.33,102.51,108.14
56000.0,101.84,98.78,104.91
58000.0,101.45,97.38,105.52
60000.0,102.95,99.74,106.17
62000.0,103.37,99.98,106.75
64000.0,104.52,100.23,108.82
66000.0,102.90,99.04,106.76
68000.0,101.23,97.44,105.02
70000.0,105.82,101.47,110.16
72000.0,104.48,100.36,108.59
74000.0,105.13,101.44,108.82
76000.0,105.61,102.16,109.06
78000.0,106.85,103.50,110.20
80000.0,106.76,103.70,109.81
82000.0,105.52,102.30,108.73
84000.0,107.51,104.38,110.63
86000.0,106.38,103.30,109.47
88000.0,105.91,102.26,109.55
90000.0,110.50,107.48,113.52
92000.0,109.35,106.58,112.11
