step,mean,ci_down,ci_up
8000.0,-0.04,-0.06,-0.02
10000.0,-0.02,-0.02,-0.01
12000.0,-0.02,-0.03,-0.01
14000.0,-0.01,-0.02,-0.01
16000.0,-0.01,-0.01,-0.01
18000.0,-0.01,-0.01,-0.00
20000.0,-0.01,-0.01,-0.00
22000.0,-0.01,-0.01,-0.00
24000.0,-0.01,-0.01,-0.00
26000.0,-0.01,-0.02,-0.00
28000.0,-0.01,-0.02,-0.00
30000.0,-0.01,-0.01,-0.00
32000.0,-0.01,-0.01,-0.00
34000.0,-0.00,-0.00,-0.00
36000.0,-0.03,-0.05,-0.01
38000.0,-0.03,-0.04,-0.02
40000.0,-0.03,-0.04,-0.02
42000.0,-0.02,-0.03,-0.02
44000.0,-0.02,-0.03,-0.01
46000.0,-0.01,-0.02,-0.01
48000.0,-0.01,-0.01,-0.01
50000.0,-0.01,-0.02,-0.01
52000.0,-0.01,-0.01,-0.01
54000.0,-0.01,-0.01,-0.01
56000.0,-0.01,-0.01,-0.00
58000.0,-0.00,-0.01,-0.00
60000.0,-0.00,-0.01,-0.00
62000.0,-0.00,-0.00,-0.00
64000.0,-0.00,-0.01,-0.00
66000.0,-0.01,-0.01,-0.00
68000.0,-0.01,-0.01,-0.00
70000.0,-0.00,-0.01,-0.00
72000.0,-0.01,-0.01,-0.00
74000.0,-0.00,-0.01,-0.00
76000.0,-0.00,-0.01,-0.00
78000.0,-0.00,-0.01,-0.00
80000.0,-0.00,-0.01,-0.00
82000.0,-0.00,-0.00,-0.00
84000.0,-0.00,-0.00,-0.00
86000.0,-0.00,-0.00,-0.00
88000.0,-0.00,-0.00,-0.00
90000.0,-0.00,-0.00,-0.00
92000.0,-0.00,-0.00,-0.00
94000.0,-0.00,-0.00,-0.00
96000.0,-0.00,-0.00,-0.00
98000.0,-0.00,-0.00,-0.00
100000.0,-0.00,-0.00,-0.00
