step,mean,ci_down,ci_up
500.0,-10.00,-10.00,-10.00
550.0,-20.00,-20.00,-20.00
600.0,-30.00,-30.00,-30.00
650.0,-40.00,-40.00,-40.00
700.0,-50.00,-50.00,-50.00
750.0,-60.00,-60.00,-60.00
800.0,-70.00,-70.00,-70.00
850.0,-80.00,-80.00,-80.00
900.0,-90.00,-90.00,-90.00
950.0,-100.00,-100.00,-100.00
1000.0,-110.00,-110.00,-110.00
1050.0,-120.00,-120.00,-120.00
1100.0,-130.00,-130.00,-130.00
1150.0,-140.00,-140.00,-140.00
1200.0,-150.00,-150.00,-150.00
1250.0,-160.00,-160.00,-160.00
1300.0,-170.00,-170.00,-170.00
1350.0,-180.00,-180.00,-180.00
1400.0,-190.00,-190.00,-190.00
1450.0,-200.00,-200.00,-200.00
1500.0,-210.00,-210.00,-210.00
1550.0,-220.00,-220.00,-220.00
1600.0,-230.00,-230.00,-230.00
1650.0,-240.00,-240.00,-240.00
1700.0,-250.00,-250.00,-250.00
1750.0,-260.00,-260.00,-260.00
1800.0,-270.00,-270.00,-270.00
1850.0,-280.00,-280.00,-280.00
1900.0,-290.00,-290.00,-290.00
1950.0,-300.00,-300.00,-300.00
2000.0,-310.00,-310.00,-310.00
2050.0,-320.00,-320.00,-320.00
2100.0,-330.00,-330.00,-330.00
2150.0,-340.00,-340.00,-340.00
2200.0,-350.00,-350.00,-350.00
2250.0,-360.00,-360.00,-360.00
2300.0,-370.00,-370.00,-370.00
2350.0,-380.00,-380.00,-380.00
2400.0,-390.00,-390.00,-390.00
2450.0,-400.00,-400.00,-400.00
2500.0,-410.00,-410.00,-410.00
2550.0,-391.63,-391.63,-391.63
2600.0,-373.26,-373.26,-373.26
2650.0,-354.89,-354.89,-354.89
2700.0,-336.52,-336.52,-336.52
2750.0,-318.15,-318.15,-318.15
2800.0,-299.78,-299.78,-299.78
2850.0,-281.41,-281.41,-281.41
2900.0,-263.04,-263.04,-263.04
2950.0,-244.67,-244.67,-244.67
3000.0,-226.30,-226.30,-226.30
3050.0,-207.93,-207.93,-207.93
3100.0,-189.56,-189.56,-189.56
3150.0,-171.19,-171.19,-171.19
3200.0,-152.82,-152.82,-152.82
3250.0,-134.45,-134.45,-134.45
3300.0,-116.08,-116.08,-116.08
3350.0,-97.71,-97.71,-97.71
3400.0,-79.34,-79.34,-79.34
3450.0,-60.97,-60.97,-60.97
3500.0,-42.60,-42.60,-42.60
3550.0,-24.23,-24.23,-24.23
3600.0,-5.86,-5.86,-5.86
3650.0,12.51,12.51,12.51
3700.0,30.88,30.88,30.88
3750.0,49.25,49.25,49.25
3800.0,67.62,67.62,67.62
3850.0,85.99,85.99,85.99
3900.0,104.36,104.36,104.36
3950.0,122.73,122.73,122.73
4000.0,141.10,141.10,141.10
4050.0,159.47,159.47,159.47
4100.0,177.84,177.84,177.84
4150.0,196.21,196.21,196.21
4200.0,214.58,214.58,214.58
4250.0,232.95,232.95,232.95
4300.0,251.32,251.32,251.32
4350.0,269.69,269.69,269.69
4400.0,288.06,288.06,288.06
4450.0,306.43,306.43,306.43
4500.0,324.80,324.80,324.80
4550.0,343.17,343.17,343.17
4600.0,361.54,361.54,361.54
4650.0,379.91,379.91,379.91
4700.0,398.28,398.28,398.28
4750.0,416.65,416.65,416.65
4800.0,435.02,435.02,435.02
4850.0,453.39,453.39,453.39
4900.0,471.76,471.76,471.76
4950.0,490.13,490.13,490.13
5000.0,508.50,508.50,508.50
5050.0,526.87,526.87,526.87
5100.0,545.24,545.24,545.24
5150.0,563.61,563.61,563.61
5200.0,581.98,581.98,581.98
5250.0,600.35,600.35,600.35
5300.0,618.72,618.72,618.72
5350.0,637.09,637.09,637.09
5400.0,655.46,655.46,655.46
5450.0,673.83,673.83,673.83
5500.0,692.20,692.20,692.20
5550.0,710.57,710.57,710.57
5600.0,728.94,728.94,728.94
5650.0,747.31,747.31,747.31
5700.0,765.68,765.68,765.68
5750.0,784.05,784.05,784.05
5800.0,802.42,802.42,802.42
5850.0,820.79,820.79,820.79
5900.0,839.16,839.16,839.16
5950.0,857.53,857.53,857.53
6000.0,875.90,875.90,875.90
6050.0,894.27,894.27,894.27
6100.0,912.64,912.64,912.64
6150.0,931.01,931.01,931.01
6200.0,949.38,949.38,949.38
6250.0,967.75,967.75,967.75
6300.0,986.12,986.12,986.12
6350.0,1004.49,1004.49,1004.49
6400.0,1022.86,1022.86,1022.86
6450.0,1041.23,1041.23,1041.23
6500.0,1059.60,1059.60,1059.60
6550.0,1077.97,1077.97,1077.97
6600.0,1096.34,1096.34,1096.34
6650.0,1114.71,1114.71,1114.71
6700.0,1133.08,1133.08,1133.08
6750.0,1151.45,1151.45,1151.45
6800.0,1169.82,1169.82,1169.82
6850.0,1188.19,1188.19,1188.19
6900.0,1206.56,1206.56,1206.56
6950.0,1224.93,1224.93,1224.93
7000.0,1243.30,1243.30,1243.30
7050.0,1261.67,1261.67,1261.67
7100.0,1280.04,1280.04,1280.04
7150.0,1298.41,1298.41,1298.41
7200.0,1316.78,1316.78,1316.78
7250.0,1335.15,1335.15,1335.15
7300.0,1353.52,1353.52,1353.52
7350.0,1371.89,1371.89,1371.89
7400.0,1390.26,1390.26,1390.26
7450.0,1408.63,1408.63,1408.63
7500.0,1427.00,1427.00,1427.00
7550.0,1445.37,1445.37,1445.37
7600.0,1463.74,1463.74,1463.74
7650.0,1482.11,1482.11,1482.11
7700.0,1500.48,1500.48,1500.48
7750.0,1518.85,1518.85,1518.85
7800.0,1537.22,1537.22,1537.22
7850.0,1555.59,1555.59,1555.59
7900.0,1573.96,1573.96,1573.96
7950.0,1592.33,1592.33,1592.33
8000.0,1610.70,1610.70,1610.70
