step,mean,ci_down,ci_up
0.0,-1739.28,-1739.28,-1739.28
50.0,-1749.28,-1749.28,-1749.28
100.0,-1759.28,-1759.28,-1759.28
150.0,-1769.28,-1769.28,-1769.28
200.0,-1779.28,-1779.28,-1779.28
250.0,-1789.28,-1789.28,-1789.28
300.0,-1799.28,-1799.28,-1799.28
350.0,-1809.28,-1809.28,-1809.28
400.0,-1819.28,-1819.28,-1819.28
450.0,-1829.28,-1829.28,-1829.28
500.0,-1839.28,-1839.28,-1839.28
550.0,-1849.28,-1849.28,-1849.28
600.0,-1859.28,-1859.28,-1859.28
650.0,-1869.28,-1869.28,-1869.28
700.0,-1879.28,-1879.28,-1879.28
750.0,-1889.28,-1889.28,-1889.28
800.0,-1899.28,-1899.28,-1899.28
850.0,-1909.28,-1909.28,-1909.28
900.0,-1919.28,-1919.28,-1919.28
950.0,-1929.28,-1929.28,-1929.28
1000.0,-1939.28,-1939.28,-1939.28
1050.0,-1949.28,-1949.28,-1949.28
1100.0,-1959.28,-1959.28,-1959.28
1150.0,-1969.28,-1969.28,-1969.28
1200.0,-1979.28,-1979.28,-1979.28
1250.0,-1989.28,-1989.28,-1989.28
1300.0,-1999.28,-1999.28,-1999.28
1350.0,-2009.28,-2009.28,-2009.28
1400.0,-2019.28,-2019.28,-2019.28
1450.0,-2029.28,-2029.28,-2029.28
1500.0,-2039.28,-2039.28,-2039.28
1550.0,-2049.28,-2049.28,-2049.28
1600.0,-2059.28,-2059.28,-2059.28
1650.0,-2069.28,-2069.28,-2069.28
1700.0,-2079.28,-2079.28,-2079.28
1750.0,-2089.28,-2089.28,-2089.28
1800.0,-2099.28,-2099.28,-2099.28
1850.0,-2109.28,-2109.28,-2109.28
1900.0,-2119.28,-2119.28,-2119.28
1950.0,-2129.28,-2129.28,-2129.28
2000.0,-2139.28,-2139.28,-2139.28
2050.0,-2149.28,-2149.28,-2149.28
2100.0,-2159.28,-2159.28,-2159.28
2150.0,-2169.28,-2169.28,-2169.28
2200.0,-2179.28,-2179.28,-2179.28
2250.0,-2189.28,-2189.28,-2189.28
2300.0,-2199.28,-2199.28,-2199.28
2350.0,-2209.28,-2209.28,-2209.28
2400.0,-2219.28,-2219.28,-2219.28
2450.0,-2229.28,-2229.28,-2229.28
2500.0,-2210.91,-2210.91,-2210.91
2550.0,-2192.54,-2192.54,-2192.54
2600.0,-2174.17,-2174.17,-2174.17
2650.0,-2155.80,-2155.80,-2155.80
2700.0,-2137.43,-2137.43,-2137.43
2750.0,-2119.06,-2119.06,-2119.06
2800.0,-2100.69,-2100.69,-2100.69
2850.0,-2082.32,-2082.32,-2082.32
2900.0,-2063.95,-2063.95,-2063.95
2950.0,-2045.58,-2045.58,-2045.58
3000.0,-2027.21,-2027.21,-2027.21
3050.0,-2008.84,-2008.84,-2008.84
3100.0,-1990.47,-1990.47,-1990.47
3150.0,-1972.10,-1972.10,-1972.10
3200.0,-1953.73,-1953.73,-1953.73
3250.0,-1935.36,-1935.36,-1935.36
3300.0,-1916.99,-1916.99,-1916.99
3350.0,-1898.62,-1898.62,-1898.62
3400.0,-1880.25,-1880.25,-1880.25
3450.0,-1861.88,-1861.88,-1861.88
3500.0,-1843.51,-1843.51,-1843.51
3550.0,-1825.14,-1825.14,-1825.14
3600.0,-1806.77,-1806.77,-1806.77
3650.0,-1788.40,-1788.40,-1788.40
3700.0,-1770.03,-1770.03,-1770.03
3750.0,-1751.66,-1751.66,-1751.66
3800.0,-1733.29,-1733.29,-1733.29
3850.0,-1714.92,-1714.92,-1714.92
3900.0,-1696.55,-1696.55,-1696.55
3950.0,-1678.18,-1678.18,-1678.18
4000.0,-1659.81,-1659.81,-1659.81
4050.0,-1641.44,-1641.44,-1641.44
4100.0,-1623.07,-1623.07,-1623.07
4150.0,-1604.70,-1604.70,-1604.70
4200.0,-1586.33,-1586.33,-1586.33
4250.0,-1567.96,-1567.96,-1567.96
4300.0,-1549.59,-1549.59,-1549.59
4350.0,-1531.22,-1531.22,-1531.22
4400.0,-1512.85,-1512.85,-1512.85
4450.0,-1494.48,-1494.48,-1494.48
4500.0,-1476.11,-1476.11,-1476.11
4550.0,-1457.74,-1457.74,-1457.74
4600.0,-1439.37,-1439.37,-1439.37
4650.0,-1421.00,-1421.00,-1421.00
4700.0,-1402.63,-1402.63,-1402.63
4750.0,-1384.26,-1384.26,-1384.26
4800.0,-1365.89,-1365.89,-1365.89
4850.0,-1347.52,-1347.52,-1347.52
4900.0,-1329.15,-1329.15,-1329.15
4950.0,-1310.78,-1310.78,-1310.78
5000.0,-1292.41,-1292.41,-1292.41
5050.0,-1274.04,-1274.04,-1274.04
5100.0,-1255.67,-1255.67,-1255.67
5150.0,-1237.30,-1237.30,-1237.30
5200.0,-1218.93,-1218.93,-1218.93
5250.0,-1200.56,-1200.56,-1200.56
5300.0,-1182.19,-1182.19,-1182.19
5350.0,-1163.82,-1163.82,-1163.82
5400.0,-1145.45,-1145.45,-1145.45
5450.0,-1127.08,-1127.08,-1127.08
5500.0,-1108.71,-1108.71,-1108.71
5550.0,-1090.34,-1090.34,-1090.34
5600.0,-1071.97,-1071.97,-1071.97
5650.0,-1053.60,-1053.60,-1053.60
5700.0,-1035.23,-1035.23,-1035.23
5750.0,-1016.86,-1016.86,-1016.86
5800.0,-998.49,-998.49,-998.49
5850.0,-980.12,-980.12,-980.12
5900.0,-961.75,-961.75,-961.75
5950.0,-943.38,-943.38,-943.38
6000.0,-925.01,-925.01,-925.01
6050.0,-906.64,-906.64,-906.64
6100.0,-888.27,-888.27,-888.27
6150.0,-869.90,-869.90,-869.90
6200.0,-851.53,-851.53,-851.53
6250.0,-833.16,-833.16,-833.16
6300.0,-814.79,-814.79,-814.79
6350.0,-796.42,-796.42,-796.42
6400.0,-778.05,-778.05,-778.05
6450.0,-759.68,-759.68,-759.68
6500.0,-741.31,-741.31,-741.31
6550.0,-722.94,-722.94,-722.94
6600.0,-704.57,-704.57,-704.57
6650.0,-686.20,-686.20,-686.20
6700.0,-667.83,-667.83,-667.83
6750.0,-649.46,-649.46,-649.46
6800.0,-631.09,-631.09,-631.09
6850.0,-612.72,-612.72,-612.72
6900.0,-594.35,-594.35,-594.35
6950.0,-575.98,-575.98,-575.98
7000.0,-557.61,-557.61,-557.61
7050.0,-539.24,-539.24,-539.24
7100.0,-520.87,-520.87,-520.87
7150.0,-502.50,-502.50,-502.50
7200.0,-484.13,-484.13,-484.13
7250.0,-465.76,-465.76,-465.76
7300.0,-447.39,-447.39,-447.39
7350.0,-429.02,-429.02,-429.02
7400.0,-410.65,-410.65,-410.65
7450.0,-392.28,-392.28,-392.28
7500.0,-373.91,-373.91,-373.91
7550.0,-355.54,-355.54,-355.54
7600.0,-337.17,-337.17,-337.17
7650.0,-318.80,-318.80,-318.80
7700.0,-300.43,-300.43,-300.43
7750.0,-282.06,-282.06,-282.06
7800.0,-263.69,-263.69,-263.69
7850.0,-245.32,-245.32,-245.32
7900.0,-226.95,-226.95,-226.95
7950.0,-208.58,-208.58,-208.58
