step,mean,ci_down,ci_up
500.0,202.00,202.00,202.00
550.0,404.00,404.00,404.00
600.0,606.00,606.00,606.00
650.0,808.00,808.00,808.00
700.0,1010.00,1010.00,1010.00
750.0,1212.00,1212.00,1212.00
800.0,1414.00,1414.00,1414.00
850.0,1616.00,1616.00,1616.00
900.0,1818.00,1818.00,1818.00
950.0,2020.00,2020.00,2020.00
1000.0,2222.00,2222.00,2222.00
1050.0,2424.00,2424.00,2424.00
1100.0,2626.00,2626.00,2626.00
1150.0,2828.00,2828.00,2828.00
1200.0,3030.00,3030.00,3030.00
1250.0,3232.00,3232.00,3232.00
1300.0,3434.00,3434.00,3434.00
1350.0,3636.00,3636.00,3636.00
1400.0,3838.00,3838.00,3838.00
1450.0,4040.00,4040.00,4040.00
1500.0,4242.00,4242.00,4242.00
1550.0,4444.00,4444.00,4444.00
1600.0,4646.00,4646.00,4646.00
1650.0,4848.00,4848.00,4848.00
1700.0,5050.00,5050.00,5050.00
1750.0,5252.00,5252.00,5252.00
1800.0,5454.00,5454.00,5454.00
1850.0,5656.00,5656.00,5656.00
1900.0,5858.00,5858.00,5858.00
1950.0,6060.00,6060.00,6060.00
2000.0,6262.00,6262.00,6262.00
2050.0,6464.00,6464.00,6464.00
2100.0,6666.00,6666.00,6666.00
2150.0,6868.00,6868.00,6868.00
2200.0,7070.00,7070.00,7070.00
2250.0,7272.00,7272.00,7272.00
2300.0,7474.00,7474.00,7474.00
2350.0,7676.00,7676.00,7676.00
2400.0,7878.00,7878.00,7878.00
2450.0,8080.00,8080.00,8080.00
2500.0,8282.00,8282.00,8282.00
2550.0,8302.00,8302.00,8302.00
2600.0,8322.00,8322.00,8322.00
2650.0,8342.00,8342.00,8342.00
2700.0,8362.00,8362.00,8362.00
2750.0,8382.00,8382.00,8382.00
2800.0,8402.00,8402.00,8402.00
2850.0,8422.00,8422.00,8422.00
2900.0,8442.00,8442.00,8442.00
2950.0,8462.00,8462.00,8462.00
3000.0,8482.00,8482.00,8482.00
3050.0,8502.00,8502.00,8502.00
3100.0,8522.00,8522.00,8522.00
3150.0,8542.00,8542.00,8542.00
3200.0,8562.00,8562.00,8562.00
3250.0,8582.00,8582.00,8582.00
3300.0,8602.00,8602.00,8602.00
3350.0,8622.00,8622.00,8622.00
3400.0,8642.00,8642.00,8642.00
3450.0,8662.00,8662.00,8662.00
3500.0,8682.00,8682.00,8682.00
3550.0,8702.00,8702.00,8702.00
3600.0,8722.00,8722.00,8722.00
3650.0,8742.00,8742.00,8742.00
3700.0,8762.00,8762.00,8762.00
3750.0,8782.00,8782.00,8782.00
3800.0,8802.00,8802.00,8802.00
3850.0,8822.00,8822.00,8822.00
3900.0,8842.00,8842.00,8842.00
3950.0,8862.00,8862.00,8862.00
4000.0,8882.00,8882.00,8882.00
4050.0,8902.00,8902.00,8902.00
4100.0,8922.00,8922.00,8922.00
4150.0,8942.00,8942.00,8942.00
4200.0,8962.00,8962.00,8962.00
4250.0,8982.00,8982.00,8982.00
4300.0,9002.00,9002.00,9002.00
4350.0,9022.00,9022.00,9022.00
4400.0,9042.00,9042.00,9042.00
4450.0,9062.00,9062.00,9062.00
4500.0,9082.00,9082.00,9082.00
4550.0,9102.00,9102.00,9102.00
4600.0,9122.00,9122.00,9122.00
4650.0,9142.00,9142.00,9142.00
4700.0,9162.00,9162.00,9162.00
4750.0,9182.00,9182.00,9182.00
4800.0,9202.00,9202.00,9202.00
4850.0,9222.00,9222.00,9222.00
4900.0,9242.00,9242.00,9242.00
4950.0,9262.00,9262.00,9262.00
5000.0,9282.00,9282.00,9282.00
5050.0,9302.00,9302.00,9302.00
5100.0,9322.00,9322.00,9322.00
5150.0,9342.00,9342.00,9342.00
5200.0,9362.00,9362.00,9362.00
5250.0,9382.00,9382.00,9382.00
5300.0,9402.00,9402.00,9402.00
5350.0,9422.00,9422.00,9422.00
5400.0,9442.00,9442.00,9442.00
5450.0,9462.00,9462.00,9462.00
5500.0,9482.00,9482.00,9482.00
5550.0,9502.00,9502.00,9502.00
5600.0,9522.00,9522.00,9522.00
5650.0,9542.00,9542.00,9542.00
5700.0,9562.00,9562.00,9562.00
5750.0,9582.00,9582.00,9582.00
5800.0,9602.00,9602.00,9602.00
5850.0,9622.00,9622.00,9622.00
5900.0,9642.00,9642.00,9642.00
5950.0,9662.00,9662.00,9662.00
6000.0,9682.00,9682.00,9682.00
6050.0,9702.00,9702.00,9702.00
6100.0,9722.00,9722.00,9722.00
6150.0,9742.00,9742.00,9742.00
6200.0,9762.00,9762.00,9762.00
6250.0,9782.00,9782.00,9782.00
6300.0,9802.00,9802.00,9802.00
6350.0,9822.00,9822.00,9822.00
6400.0,9842.00,9842.00,9842.00
6450.0,9862.00,9862.00,9862.00
6500.0,9882.00,9882.00,9882.00
6550.0,9902.00,9902.00,9902.00
6600.0,9922.00,9922.00,9922.00
6650.0,9942.00,9942.00,9942.00
6700.0,9962.00,9962.00,9962.00
6750.0,9982.00,9982.00,9982.00
6800.0,10002.00,10002.00,10002.00
6850.0,10022.00,10022.00,10022.00
6900.0,10042.00,10042.00,10042.00
6950.0,10062.00,10062.00,10062.00
7000.0,10082.00,10082.00,10082.00
7050.0,10102.00,10102.00,10102.00
7100.0,10122.00,10122.00,10122.00
7150.0,10142.00,10142.00,10142.00
7200.0,10162.00,10162.00,10162.00
7250.0,10182.00,10182.00,10182.00
7300.0,10202.00,10202.00,10202.00
7350.0,10222.00,10222.00,10222.00
7400.0,10242.00,10242.00,10242.00
7450.0,10262.00,10262.00,10262.00
7500.0,10282.00,10282.00,10282.00
7550.0,10302.00,10302.00,10302.00
7600.0,10322.00,10322.00,10322.00
7650.0,10342.00,10342.00,10342.00
7700.0,10362.00,10362.00,10362.00
7750.0,10382.00,10382.00,10382.00
7800.0,10402.00,10402.00,10402.00
7850.0,10422.00,10422.00,10422.00
7900.0,10442.00,10442.00,10442.00
7950.0,10462.00,10462.00,10462.00
8000.0,10482.00,10482.00,10482.00
