step,mean,ci_down,ci_up
6000.0,-0.14,-0.14,-0.14
8000.0,-0.08,-0.09,-0.06
10000.0,-0.05,-0.09,-0.01
12000.0,-0.06,-0.10,-0.02
14000.0,-0.07,-0.10,-0.04
16000.0,-0.05,-0.06,-0.04
18000.0,-0.03,-0.04,-0.02
20000.0,-0.06,-0.09,-0.03
22000.0,-0.05,-0.08,-0.03
24000.0,-0.05,-0.07,-0.03
26000.0,-0.05,-0.06,-0.03
28000.0,-0.04,-0.06,-0.03
30000.0,-0.03,-0.04,-0.02
32000.0,-0.03,-0.03,-0.02
34000.0,-0.02,-0.03,-0.02
36000.0,-0.02,-0.03,-0.02
38000.0,-0.02,-0.02,-0.01
40000.0,-0.02,-0.02,-0.01
42000.0,-0.02,-0.02,-0.01
44000.0,-0.02,-0.02,-0.01
46000.0,-0.02,-0.02,-0.01
48000.0,-0.01,-0.02,-0.01
50000.0,-0.01,-0.01,-0.01
52000.0,-0.01,-0.01,-0.01
54000.0,-0.01,-0.01,-0.01
56000.0,-0.01,-0.02,-0.01
58000.0,-0.01,-0.01,-0.01
60000.0,-0.01,-0.01,-0.01
62000.0,-0.01,-0.01,-0.01
64000.0,-0.01,-0.01,-0.01
66000.0,-0.01,-0.01,-0.01
68000.0,-0.01,-0.01,-0.01
70000.0,-0.01,-0.01,-0.01
72000.0,-0.01,-0.01,-0.01
74000.0,-0.01,-0.01,-0.01
76000.0,-0.01,-0.01,-0.01
78000.0,-0.01,-0.01,-0.01
80000.0,-0.01,-0.01,-0.00
82000.0,-0.01,-0.01,-0.00
84000.0,-0.01,-0.01,-0.00
86000.0,-0.01,-0.01,-0.00
88000.0,-0.01,-0.01,-0.00
90000.0,-0.01,-0.01,-0.00
92000.0,-0.01,-0.01,-0.00
94000.0,-0.00,-0.01,-0.00
96000.0,-0.01,-0.01,-0.00
98000.0,-0.01,-0.01,-0.00
100000.0,-0.01,-0.01,-0.00
