step,mean,ci_down,ci_up
0.0,143.95,138.93,148.98
50.0,321.65,315.35,327.96
100.0,509.29,502.38,516.20
150.0,699.63,692.20,707.05
200.0,893.41,885.51,901.31
250.0,1085.61,1077.22,1094.01
300.0,1281.28,1272.67,1289.88
350.0,1472.40,1463.34,1481.46
400.0,1667.18,1657.80,1676.55
450.0,1863.81,1854.18,1873.44
500.0,2059.35,2049.45,2069.26
550.0,2255.31,2245.18,2265.44
600.0,2454.64,2444.38,2464.91
650.0,2653.60,2643.24,2663.96
700.0,2852.79,2842.34,2863.25
750.0,3053.04,3042.51,3063.57
800.0,3253.89,3243.35,3264.43
850.0,3454.25,3443.70,3464.81
900.0,3656.00,3645.44,3666.56
950.0,3856.28,3845.69,3866.87
1000.0,4056.32,4045.64,4066.99
1050.0,4256.76,4246.05,4267.48
1100.0,4456.79,4446.04,4467.54
1150.0,4657.17,4646.41,4667.93
1200.0,4855.88,4845.05,4866.72
1250.0,5056.32,5045.42,5067.22
1300.0,5255.27,5244.22,5266.32
1350.0,5454.01,5442.81,5465.21
1400.0,5652.97,5641.63,5664.30
1450.0,5851.29,5839.79,5862.79
1500.0,6047.78,6036.15,6059.42
1550.0,6243.34,6231.46,6255.21
1600.0,6435.53,6423.36,6447.70
1650.0,6623.48,6610.66,6636.30
1700.0,6810.43,6796.52,6824.34
1750.0,6994.25,6979.18,7009.33
1800.0,7173.46,7157.25,7189.67
1850.0,7346.15,7328.32,7363.98
1900.0,7503.85,7484.31,7523.38
1950.0,7653.27,7631.42,7675.13
2000.0,7796.43,7772.24,7820.62
2050.0,7924.55,7899.09,7950.02
2100.0,8042.12,8014.78,8069.46
2150.0,8146.25,8118.01,8174.49
2200.0,8237.44,8208.44,8266.45
2250.0,8317.43,8286.91,8347.95
2300.0,8387.98,8355.90,8420.06
2350.0,8449.80,8416.89,8482.71
2400.0,8503.80,8469.71,8537.88
2450.0,8553.43,8518.18,8588.69
2500.0,8599.61,8562.90,8636.33
2550.0,8641.47,8603.23,8679.72
2600.0,8683.16,8644.73,8721.59
2650.0,8725.14,8686.39,8763.89
2700.0,8764.12,8725.23,8803.00
2750.0,8801.03,8761.77,8840.29
2800.0,8837.17,8797.58,8876.76
2850.0,8872.89,8833.22,8912.56
2900.0,8908.09,8868.02,8948.16
2950.0,8943.28,8903.12,8983.45
3000.0,8977.55,8937.06,9018.04
3050.0,9011.59,8970.56,9052.62
3100.0,9045.73,9003.93,9087.53
3150.0,9079.06,9036.74,9121.37
3200.0,9112.38,9069.60,9155.16
3250.0,9144.73,9101.60,9187.87
3300.0,9176.77,9133.06,9220.48
3350.0,9207.95,9163.58,9252.33
3400.0,9238.29,9193.44,9283.15
3450.0,9267.79,9222.42,9313.15
3500.0,9296.73,9250.96,9342.50
3550.0,9324.58,9278.33,9370.84
3600.0,9352.83,9305.93,9399.74
3650.0,9381.28,9333.55,9429.01
3700.0,9410.15,9361.79,9458.51
3750.0,9438.17,9389.07,9487.27
3800.0,9466.27,9416.86,9515.69
3850.0,9494.51,9444.72,9544.30
3900.0,9522.74,9472.43,9573.06
3950.0,9550.84,9500.00,9601.67
4000.0,9578.05,9526.87,9629.23
4050.0,9605.43,9553.79,9657.06
4100.0,9633.24,9581.19,9685.29
4150.0,9661.47,9608.99,9713.94
4200.0,9689.70,9636.83,9742.57
4250.0,9717.73,9664.28,9771.17
4300.0,9745.11,9691.09,9799.14
4350.0,9772.28,9717.97,9826.60
4400.0,9799.46,9744.92,9854.00
4450.0,9826.26,9771.52,9880.99
4500.0,9853.01,9797.97,9908.06
4550.0,9879.24,9823.79,9934.68
4600.0,9905.83,9850.09,9961.57
4650.0,9932.16,9876.15,9988.17
4700.0,9958.50,9902.02,10014.97
4750.0,9984.41,9927.45,10041.37
4800.0,10010.95,9953.37,10068.54
4850.0,10037.29,9979.04,10095.54
4900.0,10063.64,10005.32,10121.95
4950.0,10089.96,10031.52,10148.40
5000.0,10115.87,10057.19,10174.55
5050.0,10141.57,10082.78,10200.36
5100.0,10167.27,10108.08,10226.46
5150.0,10192.97,10133.45,10252.49
5200.0,10218.04,10158.15,10277.93
5250.0,10242.47,10182.17,10302.77
5300.0,10266.91,10206.15,10327.66
5350.0,10291.34,10230.08,10352.60
5400.0,10315.77,10253.97,10377.58
5450.0,10339.79,10277.40,10402.17
5500.0,10363.80,10301.23,10426.37
5550.0,10387.60,10324.84,10450.36
5600.0,10411.18,10348.21,10474.15
5650.0,10434.98,10371.80,10498.16
5700.0,10458.57,10395.15,10521.99
5750.0,10482.02,10418.35,10545.70
5800.0,10505.61,10441.95,10569.28
5850.0,10529.41,10465.69,10593.14
5900.0,10552.79,10489.00,10616.59
5950.0,10575.99,10512.07,10639.91
6000.0,10599.37,10535.29,10663.44
6050.0,10622.52,10558.24,10686.80
6100.0,10645.27,10580.76,10709.78
6150.0,10668.22,10603.44,10733.00
6200.0,10690.54,10625.48,10755.61
6250.0,10712.65,10647.31,10778.00
6300.0,10734.54,10668.99,10800.09
6350.0,10756.44,10690.67,10822.22
6400.0,10778.34,10712.31,10844.37
6450.0,10800.24,10733.94,10866.55
6500.0,10821.93,10755.35,10888.51
6550.0,10843.62,10776.74,10910.50
6600.0,10865.10,10797.95,10932.25
6650.0,10886.37,10818.95,10953.78
6700.0,10907.42,10839.78,10975.07
6750.0,10928.69,10860.76,10996.62
6800.0,10949.96,10881.73,11018.18
6850.0,10971.22,10902.69,11039.75
6900.0,10992.49,10923.64,11061.34
6950.0,11013.33,10944.28,11082.39
7000.0,11034.18,10964.92,11103.44
7050.0,11055.02,10985.55,11124.49
7100.0,11075.87,11006.17,11145.56
7150.0,11096.71,11026.79,11166.64
7200.0,11117.56,11047.39,11187.72
7250.0,11138.40,11067.99,11208.82
7300.0,11159.25,11088.57,11229.92
7350.0,11180.09,11109.15,11251.03
7400.0,11200.72,11129.57,11271.88
7450.0,11221.36,11149.98,11292.74
7500.0,11241.99,11170.38,11313.60
7550.0,11262.62,11190.78,11334.47
7600.0,11283.26,11211.17,11355.35
7650.0,11303.89,11231.55,11376.23
7700.0,11324.52,11251.93,11397.12
7750.0,11345.16,11272.30,11418.02
7800.0,11365.58,11292.54,11438.62
7850.0,11386.21,11312.90,11459.53
7900.0,11406.85,11333.25,11480.44
7950.0,11427.27,11353.49,11501.04
