step,mean,ci_down,ci_up
800.0,-19.75,-24.69,-14.81
850.0,-39.23,-46.55,-31.91
900.0,-56.15,-64.61,-47.69
950.0,-70.81,-80.01,-61.60
1000.0,-88.98,-99.47,-78.50
1050.0,-114.19,-128.58,-99.80
1100.0,-131.67,-146.88,-116.46
1150.0,-148.79,-164.59,-132.98
1200.0,-164.71,-180.95,-148.47
1250.0,-188.53,-206.39,-170.67
1300.0,-202.95,-221.18,-184.72
1350.0,-224.25,-244.14,-204.36
1400.0,-238.06,-258.16,-217.95
1450.0,-252.82,-273.48,-232.16
1500.0,-264.28,-285.09,-243.46
1550.0,-277.05,-297.98,-256.13
1600.0,-288.33,-309.34,-267.31
1650.0,-303.73,-325.30,-282.16
1700.0,-318.72,-341.42,-296.01
1750.0,-328.52,-351.28,-305.76
1800.0,-335.91,-358.68,-313.14
1850.0,-344.09,-367.10,-321.07
1900.0,-352.46,-375.63,-329.28
1950.0,-356.33,-379.55,-333.11
2000.0,-360.50,-383.91,-337.10
2050.0,-365.98,-389.95,-342.02
2100.0,-366.11,-390.09,-342.13
2150.0,-364.47,-388.49,-340.44
2200.0,-365.87,-390.83,-340.90
2250.0,-361.83,-387.07,-336.60
2300.0,-354.99,-380.75,-329.24
2350.0,-346.66,-372.52,-320.80
2400.0,-336.87,-363.04,-310.70
2450.0,-324.49,-350.68,-298.31
2500.0,-312.28,-338.54,-286.02
2550.0,-300.32,-326.81,-273.82
2600.0,-286.63,-313.16,-260.10
2650.0,-273.21,-299.77,-246.65
2700.0,-258.73,-285.30,-232.15
2750.0,-246.27,-273.05,-219.49
2800.0,-233.30,-260.21,-206.39
2850.0,-219.40,-246.39,-192.42
2900.0,-206.22,-233.33,-179.11
2950.0,-190.86,-218.00,-163.73
3000.0,-176.87,-204.21,-149.53
3050.0,-161.83,-189.54,-134.11
3100.0,-147.58,-175.36,-119.79
3150.0,-132.32,-160.22,-104.42
3200.0,-117.77,-145.85,-89.68
3250.0,-101.88,-129.99,-73.77
3300.0,-87.19,-115.48,-58.91
3350.0,-72.42,-100.76,-44.08
3400.0,-56.78,-85.17,-28.39
3450.0,-42.53,-71.08,-13.98
3500.0,-26.30,-54.89,2.30
3550.0,-11.99,-40.78,16.79
3600.0,2.86,-26.24,31.96
3650.0,18.66,-10.96,48.29
3700.0,34.82,5.14,64.50
3750.0,51.15,21.46,80.85
3800.0,68.19,38.49,97.90
3850.0,84.20,54.43,113.96
3900.0,100.86,71.09,130.63
3950.0,117.14,87.33,146.94
4000.0,133.14,103.27,163.01
4050.0,148.47,118.52,178.43
4100.0,164.63,134.64,194.62
4150.0,181.80,151.81,211.79
4200.0,194.95,164.46,225.45
4250.0,212.12,181.62,242.63
4300.0,229.28,198.77,259.79
4350.0,246.48,215.96,277.00
4400.0,263.10,232.58,293.63
4450.0,280.37,249.84,310.90
4500.0,296.58,265.98,327.19
4550.0,313.90,283.29,344.51
4600.0,330.84,300.22,361.46
4650.0,347.91,317.28,378.54
4700.0,365.39,334.75,396.02
4750.0,382.81,352.17,413.46
4800.0,400.31,369.65,430.96
4850.0,417.75,387.09,448.42
4900.0,433.40,402.61,464.20
4950.0,450.55,419.75,481.35
5000.0,467.49,436.67,498.32
5050.0,485.04,454.21,515.87
5100.0,502.65,471.81,533.49
5150.0,520.26,489.40,551.11
5200.0,537.85,506.98,568.72
5250.0,555.54,524.65,586.42
5300.0,573.03,542.14,603.93
5350.0,590.74,559.83,621.64
5400.0,608.46,577.55,639.37
5450.0,626.20,595.27,657.12
5500.0,641.96,610.65,673.27
5550.0,659.75,628.42,691.07
5600.0,677.60,646.26,708.93
5650.0,695.04,663.69,726.40
5700.0,712.89,681.52,744.26
5750.0,730.73,699.34,762.11
5800.0,746.82,715.26,778.39
5850.0,764.69,733.11,796.27
5900.0,782.58,750.98,814.17
5950.0,800.44,768.82,832.06
6000.0,817.38,785.66,849.09
6050.0,835.28,803.56,867.00
6100.0,852.65,820.91,884.39
6150.0,870.62,838.87,902.37
6200.0,888.57,856.81,920.32
6250.0,906.56,874.80,938.33
6300.0,923.84,891.91,955.78
6350.0,941.34,909.24,973.44
6400.0,959.43,927.32,991.54
6450.0,977.51,945.39,1009.63
6500.0,995.21,963.07,1027.35
6550.0,1013.29,981.14,1045.44
6600.0,1031.38,999.23,1063.54
6650.0,1049.49,1017.33,1081.66
6700.0,1067.64,1035.46,1099.82
6750.0,1085.70,1053.51,1117.89
6800.0,1103.83,1071.63,1136.03
6850.0,1121.96,1089.75,1154.17
6900.0,1140.10,1107.88,1172.33
6950.0,1158.24,1126.01,1190.48
7000.0,1176.47,1144.22,1208.72
7050.0,1194.68,1162.42,1226.93
7100.0,1212.90,1180.63,1245.17
7150.0,1231.14,1198.86,1263.42
7200.0,1249.36,1217.07,1281.66
7250.0,1267.62,1235.32,1299.92
7300.0,1285.86,1253.55,1318.17
7350.0,1304.09,1271.76,1336.41
7400.0,1322.33,1289.99,1354.66
7450.0,1340.58,1308.23,1372.93
7500.0,1358.86,1326.49,1391.22
7550.0,1377.13,1344.76,1409.50
7600.0,1395.40,1363.02,1427.78
7650.0,1413.67,1381.28,1446.07
7700.0,1431.96,1399.55,1464.37
7750.0,1450.27,1417.85,1482.69
7800.0,1468.57,1436.14,1501.00
7850.0,1486.89,1454.46,1519.33
7900.0,1505.22,1472.77,1537.66
7950.0,1523.52,1491.06,1555.98
8000.0,1541.84,1509.37,1574.31
