step,mean,ci_down,ci_up
800.0,199.70,198.78,200.62
850.0,399.92,398.69,401.16
900.0,600.29,598.83,601.75
950.0,801.42,799.86,802.98
1000.0,1001.39,999.57,1003.21
1050.0,1201.82,1199.84,1203.81
1100.0,1402.16,1400.02,1404.29
1150.0,1602.13,1599.82,1604.43
1200.0,1802.30,1799.84,1804.76
1250.0,2001.54,1998.88,2004.19
1300.0,2201.34,2198.51,2204.17
1350.0,2400.72,2397.71,2403.74
1400.0,2599.49,2596.30,2602.69
1450.0,2798.94,2795.56,2802.32
1500.0,2998.06,2994.49,3001.62
1550.0,3195.34,3191.51,3199.16
1600.0,3390.87,3386.64,3395.10
1650.0,3583.83,3579.15,3588.50
1700.0,3772.95,3767.57,3778.32
1750.0,3961.60,3955.46,3967.74
1800.0,4146.22,4139.05,4153.40
1850.0,4323.92,4315.97,4331.87
1900.0,4495.46,4486.29,4504.64
1950.0,4655.16,4644.90,4665.42
2000.0,4807.80,4795.93,4819.66
2050.0,4952.31,4938.95,4965.67
2100.0,5083.55,5069.34,5097.77
2150.0,5203.51,5188.25,5218.77
2200.0,5310.10,5294.08,5326.13
2250.0,5404.35,5387.82,5420.89
2300.0,5488.22,5470.61,5505.83
2350.0,5560.73,5542.18,5579.28
2400.0,5624.27,5605.30,5643.24
2450.0,5681.14,5661.35,5700.94
2500.0,5733.21,5712.81,5753.62
2550.0,5780.96,5759.61,5802.31
2600.0,5825.36,5803.34,5847.37
2650.0,5867.80,5845.57,5890.02
2700.0,5909.15,5886.65,5931.64
2750.0,5948.44,5925.89,5970.99
2800.0,5985.78,5962.97,6008.60
2850.0,6022.78,5999.85,6045.72
2900.0,6058.75,6035.65,6081.86
2950.0,6093.73,6070.32,6117.15
3000.0,6128.66,6105.13,6152.19
3050.0,6162.45,6138.74,6186.17
3100.0,6195.93,6171.85,6220.01
3150.0,6229.26,6204.65,6253.88
3200.0,6261.86,6236.99,6286.74
3250.0,6294.25,6269.14,6319.36
3300.0,6326.38,6301.09,6351.68
3350.0,6358.15,6332.57,6383.73
3400.0,6389.20,6363.27,6415.14
3450.0,6419.73,6393.54,6445.93
3500.0,6449.57,6423.02,6476.12
3550.0,6478.65,6451.85,6505.44
3600.0,6507.06,6480.04,6534.09
3650.0,6535.60,6508.21,6562.99
3700.0,6563.94,6536.14,6591.73
3750.0,6592.46,6564.35,6620.57
3800.0,6620.99,6592.48,6649.50
3850.0,6649.34,6620.67,6678.01
3900.0,6677.77,6648.89,6706.64
3950.0,6706.15,6677.00,6735.29
4000.0,6734.29,6704.89,6763.70
4050.0,6761.90,6732.34,6791.46
4100.0,6789.48,6759.68,6819.28
4150.0,6817.18,6787.16,6847.19
4200.0,6844.82,6814.61,6875.03
4250.0,6872.52,6842.08,6902.95
4300.0,6900.32,6869.54,6931.09
4350.0,6927.80,6896.66,6958.95
4400.0,6955.18,6923.90,6986.47
4450.0,6982.25,6950.85,7013.66
4500.0,7008.73,6977.22,7040.25
4550.0,7035.49,7003.79,7067.19
4600.0,7061.57,7029.63,7093.51
4650.0,7087.63,7055.53,7119.73
4700.0,7113.35,7081.07,7145.62
4750.0,7139.38,7106.82,7171.94
4800.0,7165.00,7132.11,7197.89
4850.0,7190.92,7157.64,7224.21
4900.0,7216.70,7183.13,7250.27
4950.0,7242.53,7208.95,7276.11
5000.0,7268.04,7234.38,7301.70
5050.0,7293.24,7259.44,7327.04
5100.0,7318.13,7284.22,7352.04
5150.0,7343.02,7308.84,7377.19
5200.0,7368.01,7333.58,7402.44
5250.0,7392.38,7357.70,7427.06
5300.0,7416.56,7381.67,7451.45
5350.0,7440.82,7405.68,7475.96
5400.0,7464.98,7429.55,7500.41
5450.0,7489.04,7453.27,7524.80
5500.0,7512.91,7476.81,7549.02
5550.0,7536.66,7500.49,7572.83
5600.0,7559.99,7523.72,7596.25
5650.0,7583.10,7546.71,7619.49
5700.0,7606.43,7569.93,7642.93
5750.0,7629.86,7593.22,7666.50
5800.0,7653.12,7616.38,7689.87
5850.0,7676.35,7639.59,7713.10
5900.0,7699.47,7662.68,7736.25
5950.0,7722.69,7685.86,7759.53
6000.0,7745.83,7708.94,7782.71
6050.0,7768.84,7731.87,7805.81
6100.0,7791.75,7754.66,7828.83
6150.0,7814.35,7777.12,7851.57
6200.0,7837.05,7799.66,7874.45
6250.0,7859.44,7821.86,7897.02
6300.0,7881.63,7843.85,7919.41
6350.0,7903.60,7865.65,7941.54
6400.0,7925.37,7887.26,7963.47
6450.0,7947.24,7908.94,7985.54
6500.0,7969.11,7930.60,8007.61
6550.0,7990.98,7952.24,8029.71
6600.0,8012.75,7973.78,8051.72
6650.0,8034.41,7995.21,8073.61
6700.0,8055.87,8016.44,8095.29
6750.0,8077.12,8037.49,8116.75
6800.0,8098.68,8058.79,8138.56
6850.0,8120.24,8080.08,8160.40
6900.0,8141.69,8101.27,8182.12
6950.0,8163.15,8122.44,8203.86
7000.0,8184.09,8143.20,8224.97
7050.0,8205.13,8164.04,8246.22
7100.0,8226.06,8184.78,8267.35
7150.0,8246.89,8205.43,8288.36
7200.0,8267.83,8226.16,8309.50
7250.0,8288.56,8246.72,8330.40
7300.0,8309.39,8267.35,8351.43
7350.0,8330.33,8288.05,8372.60
7400.0,8351.16,8308.67,8393.64
7450.0,8371.89,8329.20,8414.57
7500.0,8392.51,8349.65,8435.37
7550.0,8413.13,8370.09,8456.17
7600.0,8433.76,8390.54,8476.98
7650.0,8454.38,8410.97,8497.79
7700.0,8474.90,8431.33,8518.48
7750.0,8495.32,8451.60,8539.03
7800.0,8515.73,8471.88,8559.59
7850.0,8536.05,8492.08,8580.01
7900.0,8556.36,8512.29,8600.43
7950.0,8576.77,8532.56,8620.99
8000.0,8597.09,8552.76,8641.41
