step,mean,ci_down,ci_up
0.0,-638.42,-706.78,-570.07
50.0,-247.05,-284.91,-209.19
100.0,-128.91,-155.06,-102.76
150.0,-92.41,-112.15,-72.68
200.0,-67.95,-82.44,-53.46
250.0,-60.23,-73.01,-47.44
300.0,-53.42,-65.86,-40.98
350.0,-69.38,-82.64,-56.13
400.0,-46.96,-56.93,-36.98
450.0,-36.70,-44.84,-28.55
500.0,-48.08,-58.75,-37.41
550.0,-37.45,-46.28,-28.63
600.0,-29.06,-37.15,-20.97
650.0,-26.80,-34.60,-19.01
700.0,-25.93,-33.95,-17.90
750.0,-19.75,-24.69,-14.81
800.0,-19.42,-24.82,-14.02
850.0,-16.85,-21.11,-12.58
900.0,-15.34,-19.28,-11.41
950.0,-20.09,-25.61,-14.58
1000.0,-24.80,-34.37,-15.22
1050.0,-17.56,-22.53,-12.59
1100.0,-17.18,-21.32,-13.03
1150.0,-15.70,-19.52,-11.89
1200.0,-23.18,-30.50,-15.86
1250.0,-14.89,-17.81,-11.96
1300.0,-21.20,-28.70,-13.71
1350.0,-13.59,-16.56,-10.61
1400.0,-14.47,-18.92,-10.02
1450.0,-11.42,-12.76,-10.07
1500.0,-12.58,-14.83,-10.32
1550.0,-11.49,-13.34,-9.64
1600.0,-15.02,-19.79,-10.25
1650.0,-14.59,-20.91,-8.27
1700.0,-10.16,-11.97,-8.36
1750.0,-7.43,-7.82,-7.04
1800.0,-8.07,-11.25,-4.88
1850.0,-8.14,-10.50,-5.79
1900.0,-3.96,-4.81,-3.12
1950.0,-4.07,-6.58,-1.55
2000.0,-5.34,-9.34,-1.34
2050.0,-2.03,-5.94,1.88
2100.0,0.25,-2.99,3.49
2150.0,-1.41,-7.10,4.27
2200.0,4.04,0.45,7.62
2250.0,6.89,4.30,9.48
2300.0,8.47,6.36,10.59
2350.0,9.91,7.37,12.45
2400.0,12.33,11.65,13.01
2450.0,12.32,10.62,14.02
2500.0,12.12,10.18,14.05
2550.0,13.72,12.63,14.81
2600.0,13.31,11.82,14.81
2650.0,14.36,13.43,15.28
2700.0,12.66,10.43,14.89
2750.0,13.17,10.62,15.71
2800.0,14.01,12.02,15.99
2850.0,13.39,10.99,15.79
2900.0,15.14,13.82,16.47
2950.0,14.16,11.23,17.09
3000.0,15.14,13.00,17.27
3050.0,14.42,12.53,16.31
3100.0,15.34,13.98,16.70
3150.0,14.75,12.74,16.77
3200.0,15.91,15.15,16.68
3250.0,14.85,12.34,17.36
3300.0,14.96,13.26,16.66
3350.0,15.74,14.44,17.05
3400.0,14.50,11.56,17.43
3450.0,16.29,15.28,17.31
3500.0,14.59,11.52,17.67
3550.0,15.09,12.91,17.27
3600.0,15.96,13.78,18.15
3650.0,16.27,14.63,17.91
3700.0,16.46,15.40,17.53
3750.0,17.10,16.83,17.36
3800.0,16.16,14.80,17.51
3850.0,16.74,16.16,17.33
3900.0,16.40,15.09,17.72
3950.0,16.14,14.18,18.10
4000.0,15.57,13.38,17.76
4050.0,16.31,15.00,17.62
4100.0,16.97,16.42,17.52
4150.0,13.65,9.59,17.72
4200.0,17.22,16.97,17.47
4250.0,17.22,16.97,17.47
4300.0,17.28,17.04,17.52
4350.0,16.67,15.58,17.76
4400.0,17.32,17.08,17.56
4450.0,16.39,15.17,17.61
4500.0,17.35,17.12,17.59
4550.0,17.02,16.38,17.66
4600.0,17.15,16.48,17.81
4650.0,17.49,17.28,17.71
4700.0,17.46,17.24,17.69
4750.0,17.54,17.33,17.75
4800.0,17.02,16.09,17.96
4850.0,14.96,11.68,18.25
4900.0,16.82,15.80,17.83
4950.0,17.04,16.03,18.05
5000.0,17.59,17.38,17.79
5050.0,17.63,17.43,17.83
5100.0,17.64,17.44,17.84
5150.0,17.61,17.41,17.82
5200.0,17.70,17.51,17.89
5250.0,17.54,17.11,17.98
5300.0,17.73,17.54,17.91
5350.0,17.73,17.54,17.91
5400.0,17.74,17.56,17.93
5450.0,16.00,12.51,19.50
5500.0,17.79,17.61,17.96
5550.0,17.83,17.66,18.00
5600.0,17.47,16.69,18.25
5650.0,17.83,17.66,18.00
5700.0,17.81,17.64,17.99
5750.0,16.29,13.22,19.36
5800.0,17.84,17.67,18.01
5850.0,17.84,17.67,18.01
5900.0,17.84,17.67,18.01
5950.0,17.03,15.38,18.68
6000.0,17.87,17.71,18.04
6050.0,17.41,16.47,18.36
6100.0,17.94,17.79,18.10
6150.0,17.92,17.76,18.07
6200.0,17.96,17.81,18.11
6250.0,17.33,16.02,18.63
6300.0,17.55,16.56,18.54
6350.0,18.07,17.94,18.20
6400.0,18.06,17.93,18.19
6450.0,17.73,17.06,18.39
6500.0,18.06,17.93,18.19
6550.0,18.07,17.94,18.20
6600.0,18.09,17.96,18.21
6650.0,18.14,18.03,18.25
6700.0,18.05,17.83,18.27
6750.0,18.10,17.98,18.22
6800.0,18.11,18.00,18.23
6850.0,18.13,18.01,18.24
6900.0,18.11,18.00,18.23
6950.0,18.20,18.10,18.30
7000.0,17.40,15.84,18.96
7050.0,18.19,18.08,18.29
7100.0,18.20,18.10,18.30
7150.0,18.19,18.08,18.29
7200.0,18.21,18.12,18.31
7250.0,18.20,18.10,18.30
7300.0,18.20,18.10,18.30
7350.0,18.20,18.10,18.30
7400.0,18.23,18.14,18.32
7450.0,18.24,18.16,18.33
7500.0,18.26,18.18,18.34
7550.0,18.24,18.16,18.33
7600.0,18.24,18.16,18.33
7650.0,18.27,18.20,18.34
7700.0,18.27,18.20,18.34
7750.0,18.28,18.22,18.35
7800.0,18.30,18.24,18.36
7850.0,18.30,18.24,18.36
7900.0,18.28,18.22,18.35
7950.0,18.30,18.24,18.36
