step,mean,ci_down,ci_up
6000.0,6.14,3.34,8.94
8000.0,7.18,5.20,9.16
10000.0,8.80,6.45,11.15
12000.0,10.65,8.55,12.75
14000.0,12.88,10.79,14.97
16000.0,13.33,11.13,15.53
18000.0,14.72,12.23,17.22
20000.0,16.44,14.51,18.38
22000.0,13.56,12.20,14.91
24000.0,12.61,9.82,15.40
26000.0,13.67,11.45,15.89
28000.0,15.67,13.09,18.25
30000.0,15.33,13.18,17.49
32000.0,16.00,14.08,17.92
34000.0,17.17,14.25,20.09
36000.0,15.63,12.75,18.52
38000.0,13.70,11.80,15.60
40000.0,16.00,14.73,17.27
42000.0,16.80,14.78,18.82
44000.0,15.40,13.40,17.40
46000.0,18.85,16.51,21.19
48000.0,16.95,14.22,19.68
50000.0,16.95,14.50,19.40
52000.0,17.75,15.41,20.09
54000.0,17.15,14.83,19.47
56000.0,18.40,16.19,20.61
58000.0,19.50,17.42,21.58
60000.0,19.50,17.21,21.79
62000.0,17.55,15.30,19.80
64000.0,17.75,16.21,19.29
66000.0,16.80,14.34,19.26
68000.0,16.25,13.82,18.68
70000.0,15.45,12.97,17.93
72000.0,16.30,14.31,18.29
74000.0,17.65,15.46,19.84
76000.0,15.25,13.20,17.30
78000.0,16.25,13.76,18.74
80000.0,18.15,15.89,20.41
82000.0,18.45,16.21,20.69
84000.0,17.75,15.67,19.83
86000.0,16.45,14.19,18.71
88000.0,16.85,15.37,18.33
90000.0,16.35,13.94,18.76
92000.0,15.50,13.44,17.56
94000.0,17.10,15.15,19.05
96000.0,16.89,14.73,19.06
98000.0,17.42,15.56,19.29
100000.0,15.16,13.25,17.07
