step,mean,ci_down,ci_up
10000.0,12.88,10.05,15.72
12000.0,27.88,24.23,31.54
14000.0,42.27,37.93,46.61
16000.0,54.88,49.73,60.04
18000.0,69.58,63.30,75.86
20000.0,83.42,76.67,90.17
22000.0,97.96,91.08,104.85
24000.0,115.31,107.35,123.26
26000.0,131.85,123.10,140.59
28000.0,148.46,138.54,158.39
30000.0,166.19,155.08,177.31
32000.0,184.46,171.95,196.98
34000.0,200.19,187.51,212.87
36000.0,215.15,201.71,228.60
38000.0,231.38,217.30,245.47
40000.0,247.58,233.52,261.64
42000.0,265.27,251.24,279.30
44000.0,282.73,268.31,297.16
46000.0,296.58,282.31,310.84
48000.0,312.08,297.77,326.39
50000.0,328.73,314.56,342.90
52000.0,345.69,331.22,360.17
54000.0,361.92,346.17,377.68
56000.0,378.81,362.49,395.13
58000.0,395.15,377.81,412.49
60000.0,413.15,395.38,430.93
62000.0,431.42,412.90,449.94
64000.0,448.23,429.21,467.25
66000.0,465.35,445.96,484.73
68000.0,483.73,463.51,503.95
70000.0,499.88,478.65,521.12
72000.0,515.54,493.73,537.35
74000.0,535.50,512.98,558.02
76000.0,554.77,532.26,577.28
78000.0,571.62,548.77,594.46
80000.0,589.96,567.08,612.85
82000.0,607.69,584.71,630.67
84000.0,623.08,599.05,647.11
86000.0,640.84,616.77,664.91
88000.0,660.72,636.03,685.41
90000.0,677.92,653.04,702.80
92000.0,695.80,671.17,720.43
94000.0,715.16,690.58,739.74
96000.0,733.04,708.66,757.42
98000.0,749.12,724.52,773.72
100000.0,764.48,738.96,790.00
