step,mean,ci_down,ci_up
10000.0,-0.03,-0.03,-0.02
12000.0,-0.05,-0.05,-0.04
14000.0,-0.07,-0.09,-0.06
16000.0,-0.09,-0.11,-0.08
18000.0,-0.11,-0.13,-0.09
20000.0,-0.13,-0.15,-0.10
22000.0,-0.14,-0.16,-0.12
24000.0,-0.15,-0.18,-0.13
26000.0,-0.17,-0.19,-0.14
28000.0,-0.18,-0.21,-0.15
30000.0,-0.19,-0.22,-0.16
32000.0,-0.20,-0.23,-0.17
34000.0,-0.21,-0.24,-0.18
36000.0,-0.22,-0.25,-0.19
38000.0,-0.23,-0.26,-0.20
40000.0,-0.24,-0.27,-0.21
42000.0,-0.25,-0.28,-0.22
44000.0,-0.25,-0.28,-0.22
46000.0,-0.26,-0.29,-0.23
48000.0,-0.27,-0.30,-0.24
50000.0,-0.28,-0.31,-0.24
52000.0,-0.29,-0.32,-0.25
54000.0,-0.29,-0.33,-0.26
56000.0,-0.30,-0.33,-0.26
58000.0,-0.30,-0.34,-0.27
60000.0,-0.31,-0.35,-0.28
62000.0,-0.32,-0.35,-0.28
64000.0,-0.32,-0.36,-0.29
66000.0,-0.33,-0.36,-0.29
68000.0,-0.33,-0.37,-0.29
70000.0,-0.34,-0.38,-0.30
72000.0,-0.35,-0.38,-0.31
74000.0,-0.35,-0.39,-0.31
76000.0,-0.36,-0.40,-0.32
78000.0,-0.36,-0.40,-0.32
80000.0,-0.37,-0.41,-0.33
82000.0,-0.37,-0.42,-0.33
84000.0,-0.38,-0.43,-0.34
86000.0,-0.39,-0.43,-0.34
88000.0,-0.39,-0.44,-0.35
90000.0,-0.40,-0.44,-0.35
92000.0,-0.40,-0.45,-0.36
94000.0,-0.41,-0.46,-0.36
96000.0,-0.42,-0.46,-0.37
98000.0,-0.42,-0.47,-0.38
100000.0,-0.43,-0.48,-0.38
