step,mean,ci_down,ci_up
2000.0,30.45,25.43,35.48
4000.0,42.00,38.93,45.08
6000.0,55.34,50.35,60.34
8000.0,65.92,62.72,69.12
10000.0,78.09,73.64,82.54
12000.0,77.92,74.39,81.45
14000.0,77.55,71.53,83.57
16000.0,86.65,81.40,91.90
18000.0,84.75,80.45,89.04
20000.0,91.13,86.74,95.51
22000.0,88.81,84.82,92.79
24000.0,88.35,84.87,91.83
26000.0,86.49,81.99,90.98
28000.0,85.96,81.09,90.84
30000.0,90.49,87.19,93.78
32000.0,92.04,87.12,96.97
34000.0,94.19,90.60,97.78
36000.0,92.31,89.52,95.09
38000.0,94.57,90.68,98.47
40000.0,93.96,89.91,98.01
42000.0,98.35,94.57,102.14
44000.0,97.89,94.41,101.37
46000.0,98.07,93.61,102.52
48000.0,96.27,91.63,100.91
50000.0,97.48,93.20,101.76
52000.0,97.66,92.36,102.97
54000.0,98.60,93.31,103.88
56000.0,100.20,96.06,104.35
58000.0,98.01,93.79,102.24
60000.0,95.71,92.16,99.26
62000.0,96.65,92.83,100.47
64000.0,99.05,94.50,103.59
66000.0,95.76,91.34,100.17
68000.0,96.13,92.15,100.10
70000.0,102.59,98.35,106.82
72000.0,102.59,98.59,106.58
74000.0,99.24,94.63,103.85
76000.0,98.30,94.19,102.41
78000.0,104.74,100.19,109.28
80000.0,102.68,98.30,107.05
82000.0,98.56,94.89,102.23
84000.0,101.90,97.40,106.40
86000.0,100.54,96.33,104.74
88000.0,97.29,92.81,101.76
90000.0,97.49,92.98,102.01
92000.0,94.44,89.49,99.38
94000.0,95.84,91.38,100.31
96000.0,101.87,97.03,106.71
98000.0,102.67,98.93,106.41
100000.0,102.38,98.29,106.47
