step,mean,ci_down,ci_up
6000.0,2.00,2.00,2.00
8000.0,9.00,2.96,15.04
10000.0,16.50,-10.66,43.66
12000.0,7.00,2.81,11.19
14000.0,7.57,4.57,10.58
16000.0,7.38,4.66,10.09
18000.0,11.25,8.26,14.24
20000.0,7.92,3.28,12.55
22000.0,10.20,7.27,13.13
24000.0,11.00,8.37,13.63
26000.0,10.84,8.35,13.33
28000.0,11.80,9.57,14.03
30000.0,13.00,10.76,15.24
32000.0,13.56,11.36,15.77
34000.0,13.88,11.94,15.82
36000.0,14.03,11.73,16.33
38000.0,13.88,12.00,15.76
40000.0,14.29,12.45,16.14
42000.0,14.77,12.83,16.71
44000.0,15.37,13.49,17.26
46000.0,16.26,14.30,18.21
48000.0,16.83,14.90,18.76
50000.0,15.80,13.61,17.99
52000.0,15.20,13.27,17.13
54000.0,15.31,13.38,17.25
56000.0,14.40,12.56,16.24
58000.0,16.31,14.10,18.53
60000.0,15.40,13.49,17.31
62000.0,16.80,14.69,18.91
64000.0,17.17,15.14,19.21
66000.0,17.20,15.37,19.03
68000.0,17.46,15.30,19.61
70000.0,17.71,15.93,19.50
72000.0,16.20,14.77,17.63
74000.0,18.20,16.27,20.13
76000.0,17.63,15.85,19.40
78000.0,19.69,17.41,21.96
80000.0,18.56,16.39,20.73
82000.0,19.21,17.51,20.90
84000.0,17.26,15.37,19.16
86000.0,17.97,15.47,20.48
88000.0,17.38,14.91,19.85
90000.0,17.24,14.98,19.49
92000.0,18.44,16.28,20.61
94000.0,16.59,14.65,18.53
96000.0,16.27,14.24,18.31
98000.0,15.58,13.09,18.07
100000.0,17.30,15.72,18.89
