step,mean,ci_down,ci_up
6000.0,29.79,29.79,29.79
8000.0,42.42,41.65,43.20
10000.0,62.83,61.08,64.58
12000.0,54.20,26.98,81.43
14000.0,48.83,35.70,61.95
16000.0,58.10,49.62,66.59
18000.0,76.35,66.82,85.89
20000.0,62.51,48.49,76.53
22000.0,59.32,47.49,71.16
24000.0,62.13,51.87,72.40
26000.0,63.93,55.95,71.91
28000.0,65.78,58.32,73.23
30000.0,73.19,65.59,80.78
32000.0,77.21,71.60,82.82
34000.0,77.74,71.63,83.86
36000.0,80.19,75.22,85.15
38000.0,83.00,76.77,89.24
40000.0,82.37,76.69,88.05
42000.0,82.70,77.47,87.93
44000.0,82.84,77.24,88.43
46000.0,87.60,82.29,92.91
48000.0,90.24,85.62,94.85
50000.0,90.72,84.61,96.83
52000.0,86.75,81.76,91.74
54000.0,91.42,87.25,95.59
56000.0,94.35,89.73,98.97
58000.0,95.31,90.87,99.76
60000.0,96.60,92.01,101.18
62000.0,92.87,89.26,96.49
64000.0,94.31,90.52,98.10
66000.0,97.68,93.36,102.00
68000.0,94.23,89.54,98.93
70000.0,97.38,93.40,101.35
72000.0,97.67,94.32,101.03
74000.0,97.20,93.47,100.92
76000.0,94.90,91.18,98.62
78000.0,92.33,88.57,96.09
80000.0,99.14,95.06,103.22
82000.0,98.56,94.29,102.83
84000.0,99.69,95.13,104.25
86000.0,101.24,97.50,104.98
88000.0,101.84,96.91,106.78
90000.0,102.55,97.37,107.72
92000.0,96.55,92.75,100.35
94000.0,104.80,101.16,108.44
96000.0,103.16,98.20,108.13
98000.0,101.06,96.29,105.84
100000.0,102.35,97.86,106.84
