step,mean,ci_down,ci_up
6000.0,-0.06,-0.07,-0.05
8000.0,-0.10,-0.12,-0.09
10000.0,-0.13,-0.14,-0.12
12000.0,-0.16,-0.17,-0.14
14000.0,-0.18,-0.19,-0.16
16000.0,-0.20,-0.22,-0.19
18000.0,-0.22,-0.23,-0.20
20000.0,-0.23,-0.25,-0.22
22000.0,-0.25,-0.26,-0.23
24000.0,-0.26,-0.28,-0.24
26000.0,-0.27,-0.29,-0.26
28000.0,-0.29,-0.31,-0.27
30000.0,-0.30,-0.32,-0.28
32000.0,-0.31,-0.33,-0.29
34000.0,-0.32,-0.35,-0.30
36000.0,-0.34,-0.36,-0.31
38000.0,-0.34,-0.37,-0.32
40000.0,-0.35,-0.38,-0.33
42000.0,-0.36,-0.39,-0.34
44000.0,-0.37,-0.39,-0.34
46000.0,-0.38,-0.40,-0.35
48000.0,-0.38,-0.41,-0.36
50000.0,-0.39,-0.42,-0.36
52000.0,-0.39,-0.42,-0.37
54000.0,-0.40,-0.42,-0.37
56000.0,-0.40,-0.43,-0.38
58000.0,-0.41,-0.44,-0.38
60000.0,-0.41,-0.44,-0.39
62000.0,-0.42,-0.45,-0.39
64000.0,-0.43,-0.45,-0.40
66000.0,-0.43,-0.46,-0.41
68000.0,-0.44,-0.47,-0.41
70000.0,-0.45,-0.48,-0.42
72000.0,-0.45,-0.48,-0.42
74000.0,-0.46,-0.49,-0.43
76000.0,-0.46,-0.49,-0.43
78000.0,-0.47,-0.50,-0.44
80000.0,-0.47,-0.50,-0.44
82000.0,-0.48,-0.51,-0.45
84000.0,-0.49,-0.52,-0.45
86000.0,-0.49,-0.52,-0.46
88000.0,-0.50,-0.53,-0.46
90000.0,-0.50,-0.54,-0.47
92000.0,-0.51,-0.54,-0.47
94000.0,-0.52,-0.55,-0.48
96000.0,-0.52,-0.56,-0.49
98000.0,-0.53,-0.57,-0.49
100000.0,-0.53,-0.57,-0.50
