step,mean,ci_down,ci_up
6000.0,8.35,7.01,9.68
8000.0,20.70,18.31,23.08
10000.0,34.17,31.07,37.28
12000.0,48.72,45.24,52.20
14000.0,61.39,57.16,65.63
16000.0,76.85,72.14,81.56
18000.0,91.89,86.56,97.22
20000.0,106.04,99.82,112.27
22000.0,120.39,113.60,127.19
24000.0,135.43,127.81,143.06
26000.0,149.67,141.45,157.90
28000.0,164.43,155.94,172.93
30000.0,179.70,170.92,188.48
32000.0,195.35,186.62,204.07
34000.0,212.83,203.93,221.72
36000.0,229.15,219.56,238.74
38000.0,246.85,236.93,256.77
40000.0,263.76,253.17,274.35
42000.0,280.80,269.77,291.84
44000.0,297.57,285.91,309.22
46000.0,314.96,303.09,326.82
48000.0,333.11,320.75,345.47
50000.0,350.24,337.58,362.90
52000.0,368.83,355.94,381.72
54000.0,386.54,373.10,399.98
56000.0,404.07,390.18,417.95
58000.0,421.37,406.98,435.76
60000.0,438.30,423.46,453.14
62000.0,455.39,439.98,470.80
64000.0,472.91,457.14,488.69
66000.0,490.26,474.00,506.52
68000.0,507.37,490.96,523.78
70000.0,524.96,508.52,541.40
72000.0,543.78,526.95,560.61
74000.0,561.76,544.39,579.13
76000.0,578.11,560.52,595.69
78000.0,596.30,578.33,614.27
80000.0,614.54,595.83,633.26
82000.0,632.20,613.09,651.30
84000.0,648.30,628.80,667.81
86000.0,665.33,645.52,685.14
88000.0,682.37,662.34,702.40
90000.0,698.46,678.11,718.80
92000.0,715.63,695.32,735.94
94000.0,733.35,712.57,754.12
96000.0,751.30,730.42,772.19
98000.0,769.89,748.60,791.18
100000.0,787.39,765.92,808.86
