step,mean,ci_down,ci_up
4000.0,36.58,33.16,39.99
6000.0,50.24,45.99,54.49
8000.0,63.33,59.83,66.83
10000.0,72.36,68.38,76.34
12000.0,76.37,72.60,80.15
14000.0,75.67,71.14,80.21
16000.0,79.58,76.42,82.74
18000.0,84.25,80.71,87.79
20000.0,86.20,82.16,90.24
22000.0,86.19,82.50,89.87
24000.0,87.57,83.51,91.63
26000.0,92.56,88.40,96.73
28000.0,91.27,87.46,95.08
30000.0,89.53,85.87,93.18
32000.0,90.41,86.43,94.40
34000.0,88.52,85.21,91.82
36000.0,89.59,85.82,93.37
38000.0,94.14,90.06,98.21
40000.0,94.55,91.20,97.91
42000.0,93.58,90.15,97.01
44000.0,93.74,90.23,97.25
46000.0,94.27,90.82,97.71
48000.0,97.91,94.09,101.74
50000.0,99.27,95.85,102.68
52000.0,100.83,97.10,104.56
54000.0,101.79,98.13,105.44
56000.0,99.08,95.35,102.81
58000.0,100.41,96.96,103.85
60000.0,101.37,97.47,105.27
62000.0,98.22,93.81,102.63
64000.0,99.33,95.56,103.11
66000.0,102.01,97.88,106.14
68000.0,97.64,93.40,101.87
70000.0,101.02,97.07,104.98
72000.0,100.80,97.32,104.29
74000.0,98.72,94.98,102.47
76000.0,101.66,98.11,105.21
78000.0,98.50,94.58,102.41
80000.0,99.17,95.56,102.77
82000.0,98.59,94.67,102.51
84000.0,100.20,96.30,104.10
86000.0,97.46,93.87,101.06
88000.0,99.06,95.34,102.79
90000.0,102.90,98.96,106.84
92000.0,99.93,96.18,103.68
94000.0,97.95,94.12,101.78
96000.0,100.36,96.37,104.36
98000.0,100.76,96.67,104.84
100000.0,103.24,99.05,107.44
