step,mean,ci_down,ci_up
4000.0,5.10,3.51,6.69
6000.0,8.35,7.01,9.68
8000.0,12.35,10.66,14.03
10000.0,13.48,11.83,15.13
12000.0,14.64,13.11,16.17
14000.0,12.83,11.33,14.33
16000.0,15.53,13.81,17.25
18000.0,15.26,13.40,17.11
20000.0,14.26,12.45,16.06
22000.0,14.49,12.97,16.01
24000.0,15.19,13.48,16.91
26000.0,14.24,12.82,15.66
28000.0,14.76,13.13,16.39
30000.0,15.26,13.79,16.73
32000.0,15.65,14.06,17.24
34000.0,17.48,15.86,19.10
36000.0,16.33,14.49,18.16
38000.0,17.70,16.24,19.15
40000.0,16.91,14.96,18.87
42000.0,17.04,15.37,18.71
44000.0,16.76,15.04,18.49
46000.0,17.39,15.75,19.03
48000.0,18.15,16.19,20.11
50000.0,17.13,15.26,19.00
52000.0,18.59,16.81,20.37
54000.0,17.72,15.94,19.49
56000.0,17.52,15.82,19.23
58000.0,17.30,15.61,18.99
60000.0,16.93,15.23,18.64
62000.0,17.09,15.37,18.81
64000.0,17.52,15.89,19.15
66000.0,17.35,15.72,18.97
68000.0,17.11,15.33,18.89
70000.0,17.59,15.88,19.29
72000.0,18.83,17.04,20.62
74000.0,17.98,15.90,20.05
76000.0,16.35,14.70,18.00
78000.0,18.20,16.31,20.08
80000.0,18.24,16.33,20.15
82000.0,17.65,15.89,19.42
84000.0,16.11,14.38,17.84
86000.0,17.02,15.40,18.65
88000.0,17.04,15.47,18.61
90000.0,16.09,14.15,18.03
92000.0,17.17,15.53,18.81
94000.0,17.72,15.86,19.57
96000.0,17.96,16.28,19.63
98000.0,18.59,16.57,20.60
100000.0,17.50,15.56,19.44
