step,mean,ci_down,ci_up
500.0,-20.04,-24.25,-15.83
550.0,-43.42,-49.74,-37.10
600.0,-63.20,-70.85,-55.55
650.0,-82.87,-91.61,-74.14
700.0,-102.77,-112.31,-93.23
750.0,-118.11,-127.99,-108.22
800.0,-134.20,-144.59,-123.81
850.0,-149.66,-160.41,-138.91
900.0,-161.38,-172.27,-150.48
950.0,-173.38,-184.35,-162.41
1000.0,-184.71,-195.74,-173.67
1050.0,-195.74,-206.81,-184.67
1100.0,-206.24,-217.36,-195.12
1150.0,-216.57,-227.70,-205.45
1200.0,-226.72,-237.85,-215.60
1250.0,-237.24,-248.39,-226.10
1300.0,-247.93,-259.10,-236.76
1350.0,-258.16,-269.33,-246.99
1400.0,-268.16,-279.33,-256.99
1450.0,-278.15,-289.32,-266.97
1500.0,-288.34,-299.55,-277.13
1550.0,-298.34,-309.55,-287.13
1600.0,-308.31,-319.52,-297.10
1650.0,-318.25,-329.46,-307.04
1700.0,-328.20,-339.41,-316.99
1750.0,-338.27,-349.49,-327.06
1800.0,-348.19,-359.40,-336.97
1850.0,-358.02,-369.23,-346.80
1900.0,-367.85,-379.06,-356.64
1950.0,-377.39,-388.61,-366.18
2000.0,-386.74,-397.96,-375.52
2050.0,-395.86,-407.09,-384.62
2100.0,-403.76,-415.01,-392.52
2150.0,-410.07,-421.34,-398.80
2200.0,-414.36,-425.68,-403.05
2250.0,-415.52,-426.90,-404.15
2300.0,-413.78,-425.21,-402.35
2350.0,-409.28,-420.80,-397.76
2400.0,-401.49,-413.11,-389.88
2450.0,-391.75,-403.48,-380.02
2500.0,-380.01,-391.84,-368.17
2550.0,-366.59,-378.52,-354.65
2600.0,-351.90,-363.92,-339.88
2650.0,-336.12,-348.21,-324.02
2700.0,-319.56,-331.71,-307.41
2750.0,-302.54,-314.74,-290.34
2800.0,-284.85,-297.08,-272.62
2850.0,-266.95,-279.20,-254.70
2900.0,-248.90,-261.17,-236.64
2950.0,-230.72,-242.99,-218.44
3000.0,-212.45,-224.73,-200.17
3050.0,-194.11,-206.39,-181.82
3100.0,-175.75,-188.03,-163.47
3150.0,-157.38,-169.66,-145.10
3200.0,-139.01,-151.29,-126.73
3250.0,-120.64,-132.92,-108.36
3300.0,-102.27,-114.55,-89.99
3350.0,-83.90,-96.18,-71.62
3400.0,-65.53,-77.81,-53.25
3450.0,-47.16,-59.44,-34.88
3500.0,-28.79,-41.07,-16.51
3550.0,-10.42,-22.70,1.86
3600.0,7.95,-4.33,20.23
3650.0,26.32,14.04,38.60
3700.0,44.69,32.41,56.97
3750.0,63.06,50.78,75.34
3800.0,81.43,69.15,93.71
3850.0,99.80,87.52,112.08
3900.0,118.17,105.89,130.45
3950.0,136.54,124.26,148.82
4000.0,154.90,142.61,167.18
4050.0,173.27,160.98,185.55
4100.0,191.64,179.35,203.92
4150.0,210.01,197.72,222.29
4200.0,228.38,216.09,240.66
4250.0,246.75,234.46,259.03
4300.0,265.12,252.83,277.40
4350.0,283.47,271.19,295.75
4400.0,301.83,289.54,314.11
4450.0,320.18,307.90,332.47
4500.0,338.55,326.27,350.84
4550.0,356.92,344.64,369.21
4600.0,375.29,363.01,387.58
4650.0,393.65,381.37,405.93
4700.0,412.02,399.74,424.30
4750.0,430.37,418.09,442.66
4800.0,448.73,436.45,461.01
4850.0,467.10,454.82,479.38
4900.0,485.46,473.17,497.74
4950.0,503.81,491.53,516.10
5000.0,522.17,509.88,534.45
5050.0,540.54,528.25,552.82
5100.0,558.91,546.62,571.19
5150.0,577.28,564.99,589.56
5200.0,595.65,583.36,607.93
5250.0,614.02,601.73,626.30
5300.0,632.39,620.10,644.67
5350.0,650.76,638.47,663.04
5400.0,669.13,656.84,681.41
5450.0,687.50,675.21,699.78
5500.0,705.87,693.58,718.15
5550.0,724.24,711.95,736.52
5600.0,742.61,730.32,754.89
5650.0,760.98,748.69,773.26
5700.0,779.35,767.06,791.63
5750.0,797.72,785.43,810.00
5800.0,816.09,803.80,828.37
5850.0,834.46,822.17,846.74
5900.0,852.83,840.54,865.11
5950.0,871.20,858.91,883.48
6000.0,889.57,877.28,901.85
6050.0,907.94,895.65,920.22
6100.0,926.31,914.02,938.59
6150.0,944.68,932.39,956.96
6200.0,963.05,950.76,975.33
6250.0,981.42,969.13,993.70
6300.0,999.79,987.50,1012.07
6350.0,1018.16,1005.87,1030.44
6400.0,1036.53,1024.24,1048.81
6450.0,1054.90,1042.61,1067.18
6500.0,1073.27,1060.98,1085.55
6550.0,1091.64,1079.35,1103.92
6600.0,1110.01,1097.72,1122.29
6650.0,1128.38,1116.09,1140.66
6700.0,1146.75,1134.46,1159.03
6750.0,1165.12,1152.83,1177.40
6800.0,1183.49,1171.20,1195.77
6850.0,1201.86,1189.57,1214.14
6900.0,1220.23,1207.94,1232.51
6950.0,1238.60,1226.31,1250.88
7000.0,1256.97,1244.68,1269.25
7050.0,1275.34,1263.05,1287.62
7100.0,1293.71,1281.42,1305.99
7150.0,1312.08,1299.79,1324.36
7200.0,1330.45,1318.16,1342.73
7250.0,1348.82,1336.53,1361.10
7300.0,1367.19,1354.90,1379.47
7350.0,1385.56,1373.27,1397.84
7400.0,1403.93,1391.64,1416.21
7450.0,1422.30,1410.01,1434.58
7500.0,1440.67,1428.38,1452.95
7550.0,1459.04,1446.75,1471.32
7600.0,1477.41,1465.12,1489.69
7650.0,1495.78,1483.49,1508.06
7700.0,1514.15,1501.86,1526.43
7750.0,1532.52,1520.23,1544.80
7800.0,1550.89,1538.60,1563.17
7850.0,1569.26,1556.97,1581.54
7900.0,1587.63,1575.34,1599.91
7950.0,1606.00,1593.71,1618.28
8000.0,1624.37,1612.08,1636.65
