step,mean,ci_down,ci_up
100.0,86.33,31.85,140.81
150.0,130.24,112.67,147.81
200.0,135.70,126.47,144.94
250.0,153.94,148.45,159.42
300.0,154.06,150.47,157.64
350.0,186.59,184.49,188.69
400.0,199.36,198.42,200.30
450.0,199.90,199.06,200.74
500.0,199.70,198.81,200.60
550.0,199.04,198.02,200.06
600.0,199.99,199.14,200.84
650.0,199.91,199.05,200.77
700.0,199.83,198.96,200.71
750.0,200.74,200.10,201.38
800.0,200.56,199.87,201.25
850.0,200.90,200.31,201.49
900.0,201.51,201.10,201.92
950.0,201.35,200.88,201.82
1000.0,201.82,201.59,202.05
1050.0,201.65,201.29,202.00
1100.0,201.81,201.56,202.07
1150.0,201.91,201.73,202.09
1200.0,201.91,201.73,202.09
1250.0,201.72,201.41,202.04
1300.0,201.73,201.42,202.04
1350.0,201.91,201.72,202.09
1400.0,202.00,202.00,202.00
1450.0,201.91,201.73,202.09
1500.0,201.91,201.73,202.09
1550.0,202.00,202.00,202.00
1600.0,201.82,201.56,202.07
1650.0,201.64,201.28,202.00
1700.0,201.64,201.28,202.00
1750.0,201.18,200.64,201.72
1800.0,201.46,201.02,201.89
1850.0,200.91,200.29,201.53
1900.0,200.91,200.29,201.53
1950.0,199.09,198.08,200.10
2000.0,197.81,196.61,199.02
2050.0,195.77,194.31,197.23
2100.0,188.53,186.43,190.64
2150.0,178.34,175.64,181.04
2200.0,165.33,162.10,168.55
2250.0,145.31,141.58,149.03
2300.0,126.65,122.69,130.61
2350.0,109.00,104.98,113.02
2400.0,87.89,84.00,91.77
2450.0,75.33,71.63,79.03
2500.0,62.50,59.10,65.90
2550.0,51.76,48.71,54.81
2600.0,43.66,40.96,46.36
2650.0,36.56,34.25,38.87
2700.0,31.65,29.68,33.62
2750.0,28.64,26.93,30.36
2800.0,24.37,23.14,25.60
2850.0,23.00,21.98,24.03
2900.0,22.09,21.24,22.95
2950.0,21.18,20.54,21.83
3000.0,20.64,20.16,21.11
3050.0,20.18,19.93,20.44
3100.0,20.09,19.91,20.27
3150.0,20.00,20.00,20.00
3200.0,20.00,20.00,20.00
3250.0,20.00,20.00,20.00
3300.0,20.00,20.00,20.00
3350.0,20.00,20.00,20.00
3400.0,20.00,20.00,20.00
3450.0,20.00,20.00,20.00
3500.0,20.00,20.00,20.00
3550.0,20.00,20.00,20.00
3600.0,20.00,20.00,20.00
3650.0,20.00,20.00,20.00
3700.0,20.00,20.00,20.00
3750.0,20.00,20.00,20.00
3800.0,20.00,20.00,20.00
3850.0,20.00,20.00,20.00
3900.0,20.00,20.00,20.00
3950.0,20.00,20.00,20.00
4000.0,20.09,19.91,20.27
4050.0,20.00,20.00,20.00
4100.0,20.00,20.00,20.00
4150.0,20.00,20.00,20.00
4200.0,20.00,20.00,20.00
4250.0,20.00,20.00,20.00
4300.0,20.00,20.00,20.00
4350.0,20.09,19.91,20.27
4400.0,20.09,19.91,20.27
4450.0,20.09,19.91,20.27
4500.0,20.00,20.00,20.00
4550.0,20.00,20.00,20.00
4600.0,20.00,20.00,20.00
4650.0,20.09,19.91,20.27
4700.0,20.00,20.00,20.00
4750.0,20.09,19.91,20.27
4800.0,20.09,19.91,20.27
4850.0,20.00,20.00,20.00
4900.0,20.09,19.91,20.27
4950.0,20.09,19.91,20.27
5000.0,20.09,19.91,20.27
5050.0,20.00,20.00,20.00
5100.0,20.00,20.00,20.00
5150.0,20.00,20.00,20.00
5200.0,20.00,20.00,20.00
5250.0,20.00,20.00,20.00
5300.0,20.00,20.00,20.00
5350.0,20.00,20.00,20.00
5400.0,20.00,20.00,20.00
5450.0,20.00,20.00,20.00
5500.0,20.00,20.00,20.00
5550.0,20.00,20.00,20.00
5600.0,20.00,20.00,20.00
5650.0,20.00,20.00,20.00
5700.0,20.00,20.00,20.00
5750.0,20.00,20.00,20.00
5800.0,20.00,20.00,20.00
5850.0,20.00,20.00,20.00
5900.0,20.00,20.00,20.00
5950.0,20.00,20.00,20.00
6000.0,20.00,20.00,20.00
6050.0,20.00,20.00,20.00
6100.0,20.00,20.00,20.00
6150.0,20.00,20.00,20.00
6200.0,20.00,20.00,20.00
6250.0,20.00,20.00,20.00
6300.0,20.00,20.00,20.00
6350.0,20.00,20.00,20.00
6400.0,20.00,20.00,20.00
6450.0,20.00,20.00,20.00
6500.0,20.00,20.00,20.00
6550.0,20.00,20.00,20.00
6600.0,20.00,20.00,20.00
6650.0,20.00,20.00,20.00
6700.0,20.00,20.00,20.00
6750.0,20.00,20.00,20.00
6800.0,20.00,20.00,20.00
6850.0,20.00,20.00,20.00
6900.0,20.00,20.00,20.00
6950.0,20.00,20.00,20.00
7000.0,20.00,20.00,20.00
7050.0,20.00,20.00,20.00
7100.0,20.00,20.00,20.00
7150.0,20.00,20.00,20.00
7200.0,20.00,20.00,20.00
7250.0,20.00,20.00,20.00
7300.0,20.00,20.00,20.00
7350.0,20.00,20.00,20.00
7400.0,20.00,20.00,20.00
7450.0,20.00,20.00,20.00
7500.0,20.00,20.00,20.00
7550.0,20.00,20.00,20.00
7600.0,20.00,20.00,20.00
7650.0,20.00,20.00,20.00
7700.0,20.00,20.00,20.00
7750.0,20.00,20.00,20.00
7800.0,20.00,20.00,20.00
7850.0,20.00,20.00,20.00
7900.0,20.00,20.00,20.00
7950.0,20.00,20.00,20.00
8000.0,20.00,20.00,20.00
