step,mean,ci_down,ci_up
100.0,-2518.17,-3069.01,-1967.32
150.0,-931.96,-1197.41,-666.50
200.0,-855.27,-993.28,-717.27
250.0,-617.81,-697.95,-537.67
300.0,-605.44,-656.99,-553.89
350.0,-144.53,-166.73,-122.33
400.0,-19.94,-23.88,-15.99
450.0,-17.89,-21.28,-14.50
500.0,-20.04,-24.25,-15.83
550.0,-23.38,-28.15,-18.62
600.0,-19.78,-23.88,-15.68
650.0,-19.67,-23.73,-15.61
700.0,-19.89,-23.94,-15.85
750.0,-15.34,-18.13,-12.55
800.0,-16.09,-19.06,-13.12
850.0,-15.47,-18.47,-12.47
900.0,-11.71,-13.17,-10.26
950.0,-12.00,-13.43,-10.58
1000.0,-11.33,-12.67,-9.98
1050.0,-11.03,-12.07,-9.99
1100.0,-10.50,-11.20,-9.80
1150.0,-10.33,-10.80,-9.87
1200.0,-10.15,-10.45,-9.85
1250.0,-10.52,-11.23,-9.80
1300.0,-10.69,-11.53,-9.84
1350.0,-10.23,-10.69,-9.78
1400.0,-10.00,-10.00,-10.00
1450.0,-9.99,-10.01,-9.96
1500.0,-10.19,-10.57,-9.81
1550.0,-10.00,-10.00,-10.00
1600.0,-9.97,-10.01,-9.93
1650.0,-9.94,-10.00,-9.89
1700.0,-9.95,-10.00,-9.89
1750.0,-10.07,-10.45,-9.70
1800.0,-9.92,-9.98,-9.85
1850.0,-9.83,-9.93,-9.73
1900.0,-9.83,-9.93,-9.73
1950.0,-9.55,-9.70,-9.39
2000.0,-9.35,-9.54,-9.16
2050.0,-9.11,-9.38,-8.85
2100.0,-7.91,-8.23,-7.58
2150.0,-6.31,-6.73,-5.89
2200.0,-4.29,-4.79,-3.79
2250.0,-1.16,-1.74,-0.58
2300.0,1.75,1.13,2.36
2350.0,4.50,3.87,5.12
2400.0,7.79,7.18,8.39
2450.0,9.75,9.17,10.32
2500.0,11.74,11.21,12.27
2550.0,13.42,12.94,13.90
2600.0,14.68,14.26,15.10
2650.0,15.79,15.43,16.15
2700.0,16.55,16.25,16.86
2750.0,17.02,16.76,17.29
2800.0,17.69,17.50,17.88
2850.0,17.90,17.74,18.06
2900.0,18.04,17.91,18.18
2950.0,18.19,18.08,18.29
3000.0,18.27,18.20,18.34
3050.0,18.34,18.30,18.38
3100.0,18.36,18.33,18.38
3150.0,18.37,18.37,18.37
3200.0,18.37,18.37,18.37
3250.0,18.37,18.37,18.37
3300.0,18.37,18.37,18.37
3350.0,18.37,18.37,18.37
3400.0,18.37,18.37,18.37
3450.0,18.37,18.37,18.37
3500.0,18.37,18.37,18.37
3550.0,18.37,18.37,18.37
3600.0,18.37,18.37,18.37
3650.0,18.37,18.37,18.37
3700.0,18.37,18.37,18.37
3750.0,18.37,18.37,18.37
3800.0,18.37,18.37,18.37
3850.0,18.37,18.37,18.37
3900.0,18.37,18.37,18.37
3950.0,18.37,18.37,18.37
4000.0,18.36,18.33,18.38
4050.0,18.37,18.37,18.37
4100.0,18.37,18.37,18.37
4150.0,18.37,18.37,18.37
4200.0,18.37,18.37,18.37
4250.0,18.37,18.37,18.37
4300.0,18.37,18.37,18.37
4350.0,18.36,18.33,18.38
4400.0,18.36,18.33,18.38
4450.0,18.36,18.33,18.38
4500.0,18.37,18.37,18.37
4550.0,18.37,18.37,18.37
4600.0,18.37,18.37,18.37
4650.0,18.36,18.33,18.38
4700.0,18.37,18.37,18.37
4750.0,18.36,18.33,18.38
4800.0,18.36,18.33,18.38
4850.0,18.37,18.37,18.37
4900.0,18.36,18.33,18.38
4950.0,18.36,18.33,18.38
5000.0,18.36,18.33,18.38
5050.0,18.37,18.37,18.37
5100.0,18.37,18.37,18.37
5150.0,18.37,18.37,18.37
5200.0,18.37,18.37,18.37
5250.0,18.37,18.37,18.37
5300.0,18.37,18.37,18.37
5350.0,18.37,18.37,18.37
5400.0,18.37,18.37,18.37
5450.0,18.37,18.37,18.37
5500.0,18.37,18.37,18.37
5550.0,18.37,18.37,18.37
5600.0,18.37,18.37,18.37
5650.0,18.37,18.37,18.37
5700.0,18.37,18.37,18.37
5750.0,18.37,18.37,18.37
5800.0,18.37,18.37,18.37
5850.0,18.37,18.37,18.37
5900.0,18.37,18.37,18.37
5950.0,18.37,18.37,18.37
6000.0,18.37,18.37,18.37
6050.0,18.37,18.37,18.37
6100.0,18.37,18.37,18.37
6150.0,18.37,18.37,18.37
6200.0,18.37,18.37,18.37
6250.0,18.37,18.37,18.37
6300.0,18.37,18.37,18.37
6350.0,18.37,18.37,18.37
6400.0,18.37,18.37,18.37
6450.0,18.37,18.37,18.37
6500.0,18.37,18.37,18.37
6550.0,18.37,18.37,18.37
6600.0,18.37,18.37,18.37
6650.0,18.37,18.37,18.37
6700.0,18.37,18.37,18.37
6750.0,18.37,18.37,18.37
6800.0,18.37,18.37,18.37
6850.0,18.37,18.37,18.37
6900.0,18.37,18.37,18.37
6950.0,18.37,18.37,18.37
7000.0,18.37,18.37,18.37
7050.0,18.37,18.37,18.37
7100.0,18.37,18.37,18.37
7150.0,18.37,18.37,18.37
7200.0,18.37,18.37,18.37
7250.0,18.37,18.37,18.37
7300.0,18.37,18.37,18.37
7350.0,18.37,18.37,18.37
7400.0,18.37,18.37,18.37
7450.0,18.37,18.37,18.37
7500.0,18.37,18.37,18.37
7550.0,18.37,18.37,18.37
7600.0,18.37,18.37,18.37
7650.0,18.37,18.37,18.37
7700.0,18.37,18.37,18.37
7750.0,18.37,18.37,18.37
7800.0,18.37,18.37,18.37
7850.0,18.37,18.37,18.37
7900.0,18.37,18.37,18.37
7950.0,18.37,18.37,18.37
8000.0,18.37,18.37,18.37
