step,mean,ci_down,ci_up
2000.0,-0.13,-0.15,-0.11
4000.0,-0.11,-0.13,-0.09
6000.0,-0.06,-0.08,-0.04
8000.0,-0.10,-0.12,-0.07
10000.0,-0.14,-0.17,-0.11
12000.0,-0.17,-0.21,-0.13
14000.0,-0.19,-0.23,-0.16
16000.0,-0.21,-0.24,-0.18
18000.0,-0.22,-0.25,-0.19
20000.0,-0.23,-0.26,-0.20
22000.0,-0.25,-0.28,-0.22
24000.0,-0.27,-0.31,-0.23
26000.0,-0.29,-0.34,-0.24
28000.0,-0.30,-0.35,-0.24
30000.0,-0.31,-0.36,-0.25
32000.0,-0.32,-0.38,-0.26
34000.0,-0.33,-0.39,-0.27
36000.0,-0.34,-0.40,-0.27
38000.0,-0.34,-0.41,-0.28
40000.0,-0.35,-0.41,-0.29
42000.0,-0.36,-0.42,-0.29
44000.0,-0.37,-0.43,-0.30
46000.0,-0.37,-0.44,-0.31
48000.0,-0.38,-0.44,-0.31
50000.0,-0.39,-0.46,-0.32
52000.0,-0.39,-0.46,-0.32
54000.0,-0.40,-0.47,-0.34
56000.0,-0.41,-0.47,-0.34
58000.0,-0.41,-0.48,-0.34
60000.0,-0.42,-0.48,-0.35
62000.0,-0.43,-0.50,-0.36
64000.0,-0.44,-0.51,-0.38
66000.0,-0.46,-0.52,-0.39
68000.0,-0.46,-0.52,-0.41
70000.0,-0.47,-0.53,-0.42
72000.0,-0.48,-0.53,-0.43
74000.0,-0.49,-0.54,-0.44
76000.0,-0.49,-0.55,-0.44
78000.0,-0.50,-0.55,-0.45
80000.0,-0.51,-0.56,-0.45
82000.0,-0.51,-0.56,-0.46
84000.0,-0.52,-0.57,-0.47
86000.0,-0.52,-0.57,-0.47
88000.0,-0.52,-0.57,-0.48
90000.0,-0.53,-0.58,-0.48
92000.0,-0.53,-0.58,-0.48
94000.0,-0.54,-0.59,-0.49
96000.0,-0.54,-0.59,-0.49
98000.0,-0.55,-0.60,-0.49
100000.0,-0.54,-0.60,-0.48
