step,mean,ci_down,ci_up
2000.0,0.50,-0.50,1.50
4000.0,5.00,2.24,7.76
6000.0,14.00,7.90,20.10
8000.0,26.50,18.57,34.43
10000.0,36.29,25.95,46.62
12000.0,46.57,35.49,57.66
14000.0,62.57,51.05,74.09
16000.0,77.14,62.09,92.20
18000.0,89.71,73.40,106.03
20000.0,103.00,85.84,120.16
22000.0,114.29,95.10,133.47
24000.0,127.86,107.54,148.17
26000.0,142.00,120.52,163.48
28000.0,158.57,136.30,180.85
30000.0,178.57,156.91,200.23
32000.0,194.57,172.70,216.44
34000.0,212.29,188.90,235.67
36000.0,233.29,210.49,256.08
38000.0,251.71,228.58,274.85
40000.0,269.57,245.27,293.87
42000.0,285.86,260.92,310.80
44000.0,302.29,277.80,326.77
46000.0,317.86,293.25,342.47
48000.0,336.00,310.43,361.57
50000.0,351.86,325.65,378.06
52000.0,368.43,340.37,396.49
54000.0,386.29,356.47,416.10
56000.0,406.57,377.67,435.47
58000.0,424.57,395.18,453.96
60000.0,445.43,414.90,475.96
62000.0,464.29,431.59,496.98
64000.0,479.14,445.75,512.54
66000.0,495.00,459.81,530.19
68000.0,513.57,476.24,550.90
70000.0,530.57,490.53,570.61
72000.0,549.71,509.94,589.49
74000.0,566.71,527.34,606.09
76000.0,577.43,539.53,615.33
78000.0,593.43,558.01,628.84
80000.0,611.00,576.62,645.38
82000.0,626.14,591.41,660.88
84000.0,641.71,605.88,677.55
86000.0,660.71,626.01,695.42
88000.0,677.43,644.21,710.65
90000.0,695.57,663.58,727.56
92000.0,712.86,679.64,746.07
94000.0,731.71,699.93,763.49
96000.0,752.14,717.72,786.57
98000.0,772.29,737.85,806.72
100000.0,799.17,760.07,838.26
