step,mean,ci_down,ci_up
2000.0,-0.13,-0.15,-0.11
4000.0,-0.11,-0.13,-0.09
6000.0,-0.16,-0.20,-0.13
8000.0,-0.21,-0.23,-0.18
10000.0,-0.24,-0.28,-0.21
12000.0,-0.27,-0.32,-0.23
14000.0,-0.30,-0.33,-0.26
16000.0,-0.31,-0.35,-0.28
18000.0,-0.32,-0.36,-0.29
20000.0,-0.34,-0.37,-0.30
22000.0,-0.35,-0.39,-0.31
24000.0,-0.37,-0.41,-0.33
26000.0,-0.39,-0.44,-0.34
28000.0,-0.40,-0.45,-0.34
30000.0,-0.41,-0.46,-0.35
32000.0,-0.42,-0.48,-0.36
34000.0,-0.43,-0.50,-0.37
36000.0,-0.44,-0.50,-0.38
38000.0,-0.45,-0.51,-0.38
40000.0,-0.45,-0.52,-0.39
42000.0,-0.46,-0.53,-0.39
44000.0,-0.47,-0.54,-0.40
46000.0,-0.47,-0.55,-0.40
48000.0,-0.48,-0.55,-0.41
50000.0,-0.49,-0.57,-0.41
52000.0,-0.49,-0.57,-0.42
54000.0,-0.50,-0.58,-0.43
56000.0,-0.51,-0.59,-0.43
58000.0,-0.51,-0.59,-0.44
60000.0,-0.52,-0.60,-0.44
62000.0,-0.53,-0.61,-0.45
64000.0,-0.55,-0.63,-0.47
66000.0,-0.56,-0.63,-0.48
68000.0,-0.57,-0.64,-0.50
70000.0,-0.57,-0.64,-0.51
72000.0,-0.58,-0.65,-0.52
74000.0,-0.59,-0.66,-0.52
76000.0,-0.60,-0.67,-0.53
78000.0,-0.60,-0.67,-0.54
80000.0,-0.61,-0.68,-0.54
82000.0,-0.62,-0.68,-0.55
84000.0,-0.62,-0.68,-0.56
86000.0,-0.62,-0.69,-0.56
88000.0,-0.63,-0.69,-0.56
90000.0,-0.63,-0.69,-0.57
92000.0,-0.64,-0.70,-0.57
94000.0,-0.64,-0.71,-0.57
96000.0,-0.64,-0.71,-0.58
98000.0,-0.65,-0.72,-0.58
100000.0,-0.64,-0.72,-0.57
