step,mean,ci_down,ci_up
2000.0,29.67,25.97,33.38
4000.0,33.95,29.69,38.21
6000.0,56.53,46.15,66.92
8000.0,120.17,104.48,135.86
10000.0,189.90,166.46,213.34
12000.0,269.22,237.68,300.75
14000.0,343.81,305.18,382.45
16000.0,429.44,390.81,468.07
18000.0,523.02,477.74,568.30
20000.0,609.85,559.04,660.66
22000.0,702.31,645.01,759.60
24000.0,787.43,723.77,851.08
26000.0,868.41,794.74,942.09
28000.0,961.05,882.95,1039.15
30000.0,1045.01,971.35,1118.67
32000.0,1137.88,1070.17,1205.59
34000.0,1218.72,1147.57,1289.87
36000.0,1313.03,1242.36,1383.71
38000.0,1407.39,1338.97,1475.81
40000.0,1503.45,1426.77,1580.13
42000.0,1600.32,1522.58,1678.07
44000.0,1700.04,1619.94,1780.15
46000.0,1805.27,1724.81,1885.74
48000.0,1904.67,1822.33,1987.02
50000.0,1999.86,1921.11,2078.62
52000.0,2098.57,2018.96,2178.19
54000.0,2194.75,2113.13,2276.38
56000.0,2291.85,2216.45,2367.26
58000.0,2388.47,2315.29,2461.64
60000.0,2484.14,2410.44,2557.83
62000.0,2580.78,2505.60,2655.96
64000.0,2671.19,2595.21,2747.17
66000.0,2768.66,2694.46,2842.86
68000.0,2861.61,2788.43,2934.78
70000.0,2958.75,2879.57,3037.93
72000.0,3056.48,2972.40,3140.56
74000.0,3155.57,3065.31,3245.83
76000.0,3263.91,3171.08,3356.74
78000.0,3367.69,3270.71,3464.66
80000.0,3468.65,3368.32,3568.97
82000.0,3575.10,3468.17,3682.02
84000.0,3681.83,3573.96,3789.71
86000.0,3781.53,3676.46,3886.60
88000.0,3890.35,3781.95,3998.76
90000.0,3997.88,3890.73,4105.04
92000.0,4099.58,3995.46,4203.71
94000.0,4197.13,4097.01,4297.26
96000.0,4292.15,4194.27,4390.03
98000.0,4390.12,4290.96,4489.28
100000.0,4490.42,4374.33,4606.51
