step,mean,ci_down,ci_up
2000.0,0.50,-0.50,1.50
4000.0,5.00,2.24,7.76
6000.0,9.00,4.60,13.40
8000.0,12.50,8.94,16.06
10000.0,11.14,4.86,17.43
12000.0,10.29,4.44,16.13
14000.0,16.00,12.36,19.64
16000.0,14.57,9.03,20.12
18000.0,12.57,8.12,17.02
20000.0,13.29,9.27,17.30
22000.0,11.29,5.88,16.69
24000.0,13.57,10.09,17.05
26000.0,14.14,10.23,18.05
28000.0,16.57,14.18,18.97
30000.0,20.00,18.61,21.39
32000.0,16.00,12.23,19.77
34000.0,17.71,15.17,20.26
36000.0,21.00,18.56,23.44
38000.0,18.43,15.04,21.82
40000.0,17.86,11.85,23.86
42000.0,16.29,11.12,21.45
44000.0,16.43,11.67,21.19
46000.0,15.57,11.10,20.04
48000.0,18.14,15.06,21.23
50000.0,15.86,11.21,20.51
52000.0,16.57,11.39,21.76
54000.0,17.86,13.71,22.00
56000.0,20.29,14.61,25.96
58000.0,18.00,12.35,23.65
60000.0,20.86,16.35,25.36
62000.0,18.86,14.85,22.86
64000.0,14.86,11.90,17.81
66000.0,15.86,11.15,20.57
68000.0,18.57,15.07,22.08
70000.0,17.00,13.25,20.75
72000.0,19.14,13.14,25.15
74000.0,17.00,11.96,22.04
76000.0,10.71,7.53,13.90
78000.0,16.00,12.41,19.59
80000.0,17.57,12.15,22.99
82000.0,15.14,11.41,18.87
84000.0,15.57,10.67,20.47
86000.0,19.00,15.60,22.40
88000.0,16.71,14.45,18.98
90000.0,18.14,13.64,22.65
92000.0,17.29,11.96,22.62
94000.0,18.86,13.66,24.05
96000.0,20.43,14.43,26.42
98000.0,20.14,16.09,24.20
100000.0,21.00,17.29,24.71
