step,mean,ci_down,ci_up
6000.0,50.24,45.99,54.49
8000.0,113.57,107.10,120.04
10000.0,185.93,177.35,194.51
12000.0,262.58,252.45,272.70
14000.0,338.45,326.97,349.93
16000.0,418.19,405.33,431.05
18000.0,502.57,488.68,516.47
20000.0,589.19,573.59,604.79
22000.0,675.39,659.09,691.68
24000.0,763.16,746.25,780.07
26000.0,855.72,838.15,873.30
28000.0,946.99,928.22,965.76
30000.0,1036.52,1017.42,1055.62
32000.0,1126.93,1106.55,1147.31
34000.0,1215.45,1194.29,1236.61
36000.0,1305.04,1282.27,1327.81
38000.0,1399.18,1375.13,1423.22
40000.0,1493.73,1468.45,1519.00
42000.0,1587.31,1561.68,1612.95
44000.0,1681.05,1654.41,1707.70
46000.0,1775.32,1747.50,1803.14
48000.0,1873.23,1844.42,1902.05
50000.0,1972.50,1943.17,2001.83
52000.0,2073.33,2043.60,2103.06
54000.0,2175.11,2145.16,2205.07
56000.0,2274.20,2243.82,2304.57
58000.0,2374.60,2344.00,2405.21
60000.0,2475.97,2444.11,2507.83
62000.0,2574.19,2540.99,2607.39
64000.0,2673.53,2639.38,2707.67
66000.0,2775.54,2739.54,2811.54
68000.0,2873.17,2835.72,2910.63
70000.0,2974.20,2936.26,3012.14
72000.0,3075.00,3035.85,3114.15
74000.0,3173.73,3134.43,3213.03
76000.0,3275.39,3235.45,3315.33
78000.0,3373.89,3333.24,3414.54
80000.0,3473.05,3431.00,3515.11
82000.0,3571.64,3528.40,3614.89
84000.0,3671.84,3627.28,3716.40
86000.0,3769.30,3724.75,3813.86
88000.0,3868.37,3823.88,3912.86
90000.0,3971.27,3925.55,4016.98
92000.0,4071.20,4026.02,4116.38
94000.0,4169.15,4123.99,4214.31
96000.0,4269.51,4223.49,4315.54
98000.0,4370.27,4323.24,4417.30
100000.0,4473.51,4425.71,4521.31
