step,mean,ci_down,ci_up
4000.0,31.46,27.45,35.46
6000.0,77.50,67.34,87.66
8000.0,136.37,124.99,147.74
10000.0,202.30,191.05,213.55
12000.0,277.91,259.75,296.07
14000.0,354.33,334.15,374.50
16000.0,438.88,409.21,468.55
18000.0,524.42,489.14,559.71
20000.0,598.62,561.00,636.24
22000.0,683.20,640.72,725.67
24000.0,775.40,725.50,825.31
26000.0,856.50,803.32,909.67
28000.0,941.50,885.12,997.87
30000.0,1033.45,973.35,1093.56
32000.0,1123.19,1062.33,1184.04
34000.0,1213.03,1152.01,1274.06
36000.0,1310.42,1247.55,1373.30
38000.0,1406.33,1339.46,1473.21
40000.0,1495.88,1431.62,1560.15
42000.0,1590.41,1525.14,1655.69
44000.0,1686.87,1616.28,1757.46
46000.0,1779.05,1704.56,1853.55
48000.0,1869.79,1789.99,1949.59
50000.0,1965.82,1882.93,2048.70
52000.0,2060.13,1975.66,2144.61
54000.0,2164.31,2076.11,2252.50
56000.0,2268.54,2176.43,2360.65
58000.0,2371.53,2274.02,2469.04
60000.0,2467.79,2367.90,2567.69
62000.0,2562.15,2460.72,2663.57
64000.0,2656.28,2550.83,2761.73
66000.0,2752.49,2642.20,2862.78
68000.0,2849.35,2739.76,2958.94
70000.0,2946.97,2838.44,3055.49
72000.0,3046.18,2933.79,3158.57
74000.0,3148.81,3031.99,3265.62
76000.0,3246.95,3128.12,3365.79
78000.0,3347.12,3230.97,3463.27
80000.0,3451.37,3329.07,3573.66
82000.0,3551.53,3425.53,3677.52
84000.0,3652.09,3523.65,3780.53
86000.0,3752.63,3618.66,3886.60
88000.0,3845.42,3708.05,3982.79
90000.0,3939.36,3799.57,4079.15
92000.0,4032.45,3888.40,4176.51
94000.0,4127.58,3974.79,4280.37
96000.0,4222.19,4064.06,4380.33
98000.0,4317.32,4156.88,4477.77
100000.0,4416.96,4245.12,4588.80
