step,mean,ci_down,ci_up
4000.0,3.11,1.45,4.77
6000.0,9.00,5.95,12.05
8000.0,17.67,13.16,22.18
10000.0,27.78,19.43,36.13
12000.0,41.33,30.32,52.35
14000.0,53.89,40.90,66.87
16000.0,67.00,52.03,81.97
18000.0,79.33,64.16,94.51
20000.0,96.67,80.24,113.09
22000.0,114.00,95.38,132.62
24000.0,130.56,110.15,150.96
26000.0,147.56,125.15,169.96
28000.0,165.44,143.95,186.94
30000.0,179.67,157.92,201.42
32000.0,199.44,177.79,221.10
34000.0,218.44,195.44,241.45
36000.0,236.33,210.69,261.98
38000.0,251.56,224.32,278.79
40000.0,269.11,242.02,296.20
42000.0,288.56,261.70,315.41
44000.0,307.78,280.69,334.87
46000.0,325.78,300.01,351.55
48000.0,341.67,314.93,368.41
50000.0,360.22,332.58,387.87
52000.0,378.44,349.71,407.17
54000.0,395.33,366.27,424.39
56000.0,409.78,378.16,441.39
58000.0,426.67,393.80,459.53
60000.0,444.22,411.25,477.20
62000.0,458.67,423.25,494.09
64000.0,475.89,440.00,511.78
66000.0,489.22,452.79,525.66
68000.0,502.89,466.30,539.47
70000.0,520.44,483.40,557.49
72000.0,539.44,501.62,577.26
74000.0,556.33,516.31,596.35
76000.0,577.56,536.95,618.16
78000.0,595.56,555.82,635.29
80000.0,612.22,572.31,652.13
82000.0,630.78,592.46,669.10
84000.0,648.33,610.05,686.62
86000.0,667.33,628.42,706.25
88000.0,686.00,645.85,726.15
90000.0,703.89,663.73,744.04
92000.0,723.67,682.62,764.72
94000.0,743.33,698.94,787.72
96000.0,763.00,715.52,810.48
98000.0,780.89,731.62,830.16
100000.0,799.78,749.44,850.12
