step,mean,ci_down,ci_up
4000.0,-0.10,-0.12,-0.08
6000.0,-0.18,-0.21,-0.15
8000.0,-0.23,-0.25,-0.20
10000.0,-0.27,-0.29,-0.24
12000.0,-0.29,-0.33,-0.26
14000.0,-0.31,-0.35,-0.28
16000.0,-0.34,-0.38,-0.29
18000.0,-0.35,-0.40,-0.31
20000.0,-0.37,-0.41,-0.33
22000.0,-0.39,-0.43,-0.34
24000.0,-0.40,-0.45,-0.36
26000.0,-0.42,-0.47,-0.37
28000.0,-0.44,-0.49,-0.38
30000.0,-0.45,-0.50,-0.39
32000.0,-0.46,-0.52,-0.40
34000.0,-0.47,-0.53,-0.41
36000.0,-0.47,-0.53,-0.41
38000.0,-0.48,-0.55,-0.42
40000.0,-0.49,-0.56,-0.43
42000.0,-0.50,-0.57,-0.43
44000.0,-0.51,-0.58,-0.44
46000.0,-0.52,-0.60,-0.44
48000.0,-0.53,-0.61,-0.45
50000.0,-0.54,-0.62,-0.46
52000.0,-0.55,-0.63,-0.46
54000.0,-0.56,-0.64,-0.47
56000.0,-0.57,-0.65,-0.48
58000.0,-0.57,-0.66,-0.48
60000.0,-0.58,-0.67,-0.49
62000.0,-0.59,-0.68,-0.49
64000.0,-0.59,-0.69,-0.50
66000.0,-0.60,-0.70,-0.50
68000.0,-0.61,-0.71,-0.50
70000.0,-0.61,-0.72,-0.51
72000.0,-0.62,-0.72,-0.51
74000.0,-0.62,-0.73,-0.51
76000.0,-0.63,-0.74,-0.51
78000.0,-0.63,-0.75,-0.52
80000.0,-0.64,-0.75,-0.52
82000.0,-0.64,-0.76,-0.52
84000.0,-0.65,-0.77,-0.52
86000.0,-0.65,-0.78,-0.53
88000.0,-0.66,-0.78,-0.53
90000.0,-0.67,-0.80,-0.54
92000.0,-0.67,-0.81,-0.54
94000.0,-0.68,-0.82,-0.54
96000.0,-0.68,-0.82,-0.54
98000.0,-0.69,-0.83,-0.55
100000.0,-0.69,-0.84,-0.55
