step,mean,ci_down,ci_up
4000.0,3.11,1.45,4.77
6000.0,5.89,3.65,8.12
8000.0,8.10,5.41,10.79
10000.0,9.90,5.92,13.88
12000.0,13.40,9.30,17.50
14000.0,13.30,9.58,17.02
16000.0,13.10,10.22,15.98
18000.0,12.10,9.20,15.00
20000.0,17.10,13.91,20.29
22000.0,16.90,13.49,20.31
24000.0,16.70,13.58,19.82
26000.0,17.90,14.27,21.53
28000.0,18.00,14.28,21.72
30000.0,15.20,12.05,18.35
32000.0,19.40,16.51,22.29
34000.0,18.30,13.80,22.80
36000.0,17.20,13.32,21.08
38000.0,15.30,12.67,17.93
40000.0,16.80,12.89,20.71
42000.0,19.80,16.94,22.66
44000.0,18.90,14.38,23.42
46000.0,17.40,14.01,20.79
48000.0,15.70,11.90,19.50
50000.0,18.20,14.29,22.11
52000.0,17.20,14.07,20.33
54000.0,16.10,12.44,19.76
56000.0,13.80,10.23,17.37
58000.0,16.89,12.04,21.74
60000.0,17.56,14.54,20.57
62000.0,14.44,11.23,17.66
64000.0,17.22,13.57,20.87
66000.0,13.33,11.19,15.48
68000.0,13.67,11.80,15.53
70000.0,17.56,14.45,20.67
72000.0,19.00,15.31,22.69
74000.0,16.89,12.41,21.37
76000.0,21.22,17.29,25.16
78000.0,18.00,14.31,21.69
80000.0,16.67,12.63,20.70
82000.0,18.56,14.44,22.67
84000.0,17.56,13.36,21.76
86000.0,19.00,12.87,25.13
88000.0,18.67,15.17,22.17
90000.0,17.89,13.99,21.79
92000.0,19.78,17.19,22.37
94000.0,19.67,14.86,24.48
96000.0,19.67,14.90,24.43
98000.0,17.89,14.65,21.13
100000.0,18.89,14.75,23.03
