step,mean,ci_down,ci_up
10000.0,12.02,10.19,13.85
12000.0,24.72,22.13,27.32
14000.0,38.66,35.63,41.69
16000.0,53.89,50.51,57.28
18000.0,69.53,65.75,73.32
20000.0,86.13,81.60,90.65
22000.0,101.09,95.98,106.19
24000.0,116.04,110.33,121.75
26000.0,130.94,124.56,137.31
28000.0,146.57,140.04,153.11
30000.0,161.77,154.45,169.08
32000.0,177.66,169.98,185.33
34000.0,193.81,185.61,202.00
36000.0,210.40,201.86,218.95
38000.0,227.00,217.66,236.34
40000.0,242.49,232.42,252.56
42000.0,258.51,247.95,269.07
44000.0,275.57,264.59,286.56
46000.0,292.77,281.31,304.23
48000.0,311.00,299.56,322.44
50000.0,328.38,316.70,340.07
52000.0,343.72,331.18,356.26
54000.0,360.30,347.19,373.41
56000.0,378.55,365.12,391.98
58000.0,396.13,382.13,410.13
60000.0,412.21,397.95,426.48
62000.0,429.79,415.31,444.26
64000.0,445.79,431.06,460.52
66000.0,461.30,446.73,475.86
68000.0,476.83,462.52,491.14
70000.0,493.64,479.72,507.56
72000.0,511.13,497.03,525.22
74000.0,529.15,514.98,543.32
76000.0,546.98,532.98,560.98
78000.0,564.55,550.45,578.66
80000.0,582.26,567.80,596.71
82000.0,599.83,585.01,614.65
84000.0,617.04,601.77,632.32
86000.0,634.30,618.75,649.85
88000.0,651.68,636.03,667.33
90000.0,669.68,653.92,685.44
92000.0,687.68,671.71,703.65
94000.0,704.83,688.69,720.97
96000.0,724.62,707.76,741.47
98000.0,742.51,725.61,759.42
100000.0,761.64,744.21,779.06
