step,mean,ci_down,ci_up
0.0,2.83,2.18,3.47
2000.0,8.13,6.77,9.50
4000.0,11.51,10.07,12.95
6000.0,12.02,10.50,13.55
8000.0,12.75,11.49,14.01
10000.0,14.04,12.74,15.35
12000.0,15.33,14.17,16.48
14000.0,15.65,14.51,16.80
16000.0,16.53,15.18,17.89
18000.0,15.04,13.75,16.33
20000.0,15.18,13.85,16.52
22000.0,15.18,13.80,16.56
24000.0,15.80,14.61,16.98
26000.0,15.20,13.67,16.73
28000.0,15.98,14.58,17.38
30000.0,16.20,14.73,17.68
32000.0,16.53,15.31,17.76
34000.0,16.49,15.07,17.91
36000.0,15.71,14.31,17.12
38000.0,15.82,14.63,17.00
40000.0,17.10,15.83,18.37
42000.0,16.82,15.36,18.27
44000.0,18.53,17.03,20.03
46000.0,17.61,16.40,18.83
48000.0,15.47,14.05,16.89
50000.0,16.69,15.32,18.07
52000.0,18.04,16.62,19.46
54000.0,17.51,16.15,18.87
56000.0,16.18,15.06,17.30
58000.0,17.61,16.09,19.13
60000.0,16.12,14.79,17.46
62000.0,15.59,14.20,16.99
64000.0,15.59,14.31,16.87
66000.0,16.80,15.42,18.18
68000.0,17.47,16.19,18.74
70000.0,17.96,16.71,19.21
72000.0,17.73,16.34,19.13
74000.0,17.45,16.20,18.70
76000.0,17.37,15.84,18.89
78000.0,17.76,16.27,19.24
80000.0,17.45,16.06,18.84
82000.0,17.06,15.73,18.39
84000.0,17.43,16.16,18.70
86000.0,17.94,16.47,19.41
88000.0,17.98,16.68,19.28
90000.0,17.37,16.08,18.65
92000.0,19.69,18.37,21.01
94000.0,18.12,16.81,19.43
96000.0,19.16,17.50,20.83
