step,mean,ci_down,ci_up
6000.0,-0.14,-0.14,-0.14
8000.0,-0.22,-0.22,-0.22
10000.0,-0.29,-0.29,-0.29
12000.0,-0.33,-0.33,-0.33
14000.0,-0.36,-0.36,-0.36
16000.0,-0.41,-0.41,-0.41
18000.0,-0.45,-0.45,-0.45
20000.0,-0.47,-0.47,-0.47
22000.0,-0.48,-0.48,-0.48
24000.0,-0.49,-0.49,-0.49
26000.0,-0.50,-0.50,-0.50
28000.0,-0.50,-0.50,-0.50
30000.0,-0.51,-0.51,-0.51
32000.0,-0.55,-0.55,-0.55
34000.0,-0.56,-0.56,-0.56
36000.0,-0.57,-0.57,-0.57
38000.0,-0.60,-0.60,-0.60
40000.0,-0.64,-0.64,-0.64
42000.0,-0.65,-0.65,-0.65
44000.0,-0.67,-0.67,-0.67
46000.0,-0.68,-0.68,-0.68
48000.0,-0.69,-0.69,-0.69
50000.0,-0.70,-0.70,-0.70
52000.0,-0.72,-0.72,-0.72
54000.0,-0.73,-0.73,-0.73
56000.0,-0.78,-0.78,-0.78
58000.0,-0.80,-0.80,-0.80
60000.0,-0.82,-0.82,-0.82
62000.0,-0.84,-0.84,-0.84
64000.0,-0.85,-0.85,-0.85
66000.0,-0.86,-0.86,-0.86
68000.0,-0.87,-0.87,-0.87
70000.0,-0.88,-0.88,-0.88
72000.0,-0.89,-0.89,-0.89
74000.0,-0.91,-0.91,-0.91
76000.0,-0.93,-0.93,-0.93
78000.0,-0.95,-0.95,-0.95
80000.0,-0.96,-0.96,-0.96
82000.0,-0.97,-0.97,-0.97
84000.0,-0.98,-0.98,-0.98
86000.0,-0.98,-0.98,-0.98
88000.0,-0.98,-0.98,-0.98
90000.0,-0.98,-0.98,-0.98
92000.0,-1.04,-1.04,-1.04
94000.0,-1.04,-1.04,-1.04
96000.0,-1.04,-1.04,-1.04
98000.0,-1.06,-1.06,-1.06
100000.0,-1.07,-1.07,-1.07
