step,mean,ci_down,ci_up
0.0,-0.14,-0.14,-0.14
2000.0,-0.18,-0.18,-0.18
4000.0,-0.30,-0.30,-0.30
6000.0,-0.40,-0.40,-0.40
8000.0,-0.41,-0.41,-0.41
10000.0,-0.43,-0.43,-0.43
12000.0,-0.44,-0.44,-0.44
14000.0,-0.46,-0.46,-0.46
16000.0,-0.48,-0.48,-0.48
18000.0,-0.49,-0.49,-0.49
20000.0,-0.51,-0.51,-0.51
22000.0,-0.52,-0.52,-0.52
24000.0,-0.53,-0.53,-0.53
26000.0,-0.54,-0.54,-0.54
28000.0,-0.55,-0.55,-0.55
30000.0,-0.56,-0.56,-0.56
32000.0,-0.61,-0.61,-0.61
34000.0,-0.66,-0.66,-0.66
36000.0,-0.71,-0.71,-0.71
38000.0,-0.73,-0.73,-0.73
40000.0,-0.77,-0.77,-0.77
42000.0,-0.80,-0.80,-0.80
44000.0,-0.82,-0.82,-0.82
46000.0,-0.84,-0.84,-0.84
48000.0,-0.85,-0.85,-0.85
50000.0,-0.86,-0.86,-0.86
52000.0,-0.87,-0.87,-0.87
54000.0,-0.89,-0.89,-0.89
56000.0,-0.90,-0.90,-0.90
58000.0,-0.91,-0.91,-0.91
60000.0,-0.92,-0.92,-0.92
62000.0,-0.93,-0.93,-0.93
64000.0,-0.94,-0.94,-0.94
66000.0,-0.95,-0.95,-0.95
68000.0,-0.96,-0.96,-0.96
70000.0,-0.97,-0.97,-0.97
72000.0,-0.98,-0.98,-0.98
74000.0,-1.00,-1.00,-1.00
76000.0,-1.01,-1.01,-1.01
78000.0,-1.02,-1.02,-1.02
80000.0,-1.03,-1.03,-1.03
82000.0,-1.05,-1.05,-1.05
84000.0,-1.05,-1.05,-1.05
86000.0,-1.05,-1.05,-1.05
88000.0,-1.06,-1.06,-1.06
90000.0,-1.07,-1.07,-1.07
