step,mean,ci_down,ci_up
0.0,1.00,1.00,1.00
2000.0,14.00,14.00,14.00
4000.0,17.00,17.00,17.00
6000.0,20.00,20.00,20.00
8000.0,42.00,42.00,42.00
10000.0,53.00,53.00,53.00
12000.0,62.00,62.00,62.00
14000.0,70.00,70.00,70.00
16000.0,84.00,84.00,84.00
18000.0,91.00,91.00,91.00
20000.0,96.00,96.00,96.00
22000.0,117.00,117.00,117.00
24000.0,136.00,136.00,136.00
26000.0,151.00,151.00,151.00
28000.0,158.00,158.00,158.00
30000.0,169.00,169.00,169.00
32000.0,180.00,180.00,180.00
34000.0,193.00,193.00,193.00
36000.0,209.00,209.00,209.00
38000.0,233.00,233.00,233.00
40000.0,249.00,249.00,249.00
42000.0,273.00,273.00,273.00
44000.0,293.00,293.00,293.00
46000.0,305.00,305.00,305.00
48000.0,328.00,328.00,328.00
50000.0,354.00,354.00,354.00
52000.0,371.00,371.00,371.00
54000.0,388.00,388.00,388.00
56000.0,406.00,406.00,406.00
58000.0,425.00,425.00,425.00
60000.0,439.00,439.00,439.00
62000.0,449.00,449.00,449.00
64000.0,457.00,457.00,457.00
66000.0,476.00,476.00,476.00
68000.0,491.00,491.00,491.00
70000.0,505.00,505.00,505.00
72000.0,523.00,523.00,523.00
74000.0,532.00,532.00,532.00
76000.0,557.00,557.00,557.00
78000.0,579.00,579.00,579.00
80000.0,590.00,590.00,590.00
82000.0,599.00,599.00,599.00
84000.0,621.00,621.00,621.00
86000.0,648.00,648.00,648.00
88000.0,674.00,674.00,674.00
90000.0,700.00,700.00,700.00
