step,mean,ci_down,ci_up
6000.0,2.00,2.00,2.00
8000.0,8.00,8.00,8.00
10000.0,11.00,11.00,11.00
12000.0,21.00,21.00,21.00
14000.0,33.00,33.00,33.00
16000.0,40.00,40.00,40.00
18000.0,46.00,46.00,46.00
20000.0,49.00,49.00,49.00
22000.0,59.00,59.00,59.00
24000.0,73.00,73.00,73.00
26000.0,87.00,87.00,87.00
28000.0,105.00,105.00,105.00
30000.0,112.00,112.00,112.00
32000.0,120.00,120.00,120.00
34000.0,136.00,136.00,136.00
36000.0,152.00,152.00,152.00
38000.0,164.00,164.00,164.00
40000.0,177.00,177.00,177.00
42000.0,196.00,196.00,196.00
44000.0,207.00,207.00,207.00
46000.0,226.00,226.00,226.00
48000.0,250.00,250.00,250.00
50000.0,257.00,257.00,257.00
52000.0,265.00,265.00,265.00
54000.0,277.00,277.00,277.00
56000.0,288.00,288.00,288.00
58000.0,298.00,298.00,298.00
60000.0,304.00,304.00,304.00
62000.0,311.00,311.00,311.00
64000.0,321.00,321.00,321.00
66000.0,333.00,333.00,333.00
68000.0,346.00,346.00,346.00
70000.0,365.00,365.00,365.00
72000.0,386.00,386.00,386.00
74000.0,394.00,394.00,394.00
76000.0,403.00,403.00,403.00
78000.0,419.00,419.00,419.00
80000.0,429.00,429.00,429.00
82000.0,447.00,447.00,447.00
84000.0,461.00,461.00,461.00
86000.0,466.00,466.00,466.00
88000.0,488.00,488.00,488.00
90000.0,510.00,510.00,510.00
92000.0,524.00,524.00,524.00
94000.0,543.00,543.00,543.00
96000.0,562.00,562.00,562.00
98000.0,582.00,582.00,582.00
100000.0,608.00,608.00,608.00
