step,mean,ci_down,ci_up
0.0,36.71,19.38,54.04
2000.0,86.36,65.30,107.42
4000.0,159.38,136.70,182.05
6000.0,245.60,216.91,274.30
8000.0,317.28,275.99,358.57
10000.0,404.76,334.63,474.88
12000.0,476.85,402.56,551.14
14000.0,560.91,481.83,639.99
16000.0,647.98,562.14,733.82
18000.0,746.76,660.15,833.37
20000.0,838.07,751.33,924.82
22000.0,935.59,847.34,1023.84
24000.0,1038.23,938.82,1137.65
26000.0,1139.27,1046.48,1232.07
28000.0,1234.66,1129.56,1339.75
30000.0,1327.28,1216.02,1438.53
32000.0,1437.37,1324.68,1550.07
34000.0,1524.50,1420.48,1628.53
36000.0,1611.31,1494.45,1728.17
38000.0,1703.99,1582.37,1825.62
40000.0,1799.34,1672.44,1926.24
42000.0,1892.53,1762.26,2022.79
44000.0,1986.63,1845.53,2127.74
46000.0,2082.13,1942.63,2221.63
48000.0,2173.46,2039.18,2307.74
50000.0,2271.47,2146.64,2396.30
52000.0,2374.31,2254.08,2494.55
54000.0,2477.82,2357.81,2597.84
56000.0,2588.20,2474.87,2701.53
