step,mean,ci_down,ci_up
24000.0,65.62,52.70,78.54
26000.0,140.80,120.82,160.78
28000.0,222.59,197.51,247.66
30000.0,302.42,268.41,336.44
32000.0,373.35,323.80,422.91
34000.0,443.93,390.90,496.97
36000.0,523.27,459.79,586.76
38000.0,605.90,532.94,678.86
40000.0,684.22,612.08,756.37
42000.0,769.86,704.33,835.40
44000.0,858.88,800.19,917.57
46000.0,944.70,891.87,997.53
48000.0,1025.94,984.03,1067.85
50000.0,1115.19,1083.56,1146.82
52000.0,1200.56,1173.10,1228.02
54000.0,1281.65,1255.11,1308.19
56000.0,1375.45,1350.88,1400.01
58000.0,1465.47,1433.15,1497.79
60000.0,1550.78,1517.07,1584.48
62000.0,1646.24,1607.99,1684.49
64000.0,1739.45,1689.09,1789.81
66000.0,1827.09,1769.80,1884.37
68000.0,1914.55,1855.54,1973.57
70000.0,2011.97,1948.45,2075.49
72000.0,2113.14,2045.79,2180.50
74000.0,2208.99,2144.00,2273.98
76000.0,2310.71,2250.30,2371.12
78000.0,2405.17,2348.35,2461.99
80000.0,2511.99,2450.33,2573.65
82000.0,2618.94,2557.38,2680.50
84000.0,2727.85,2661.76,2793.94
86000.0,2830.09,2759.19,2900.99
88000.0,2926.33,2853.12,2999.53
90000.0,3023.17,2954.91,3091.43
92000.0,3121.81,3053.39,3190.23
94000.0,3219.61,3147.31,3291.92
96000.0,3319.74,3242.10,3397.39
98000.0,3420.70,3339.57,3501.84
100000.0,3519.98,3433.26,3606.70
