step,mean,ci_down,ci_up
0.0,9.92,6.73,13.11
2000.0,9.60,6.93,12.27
4000.0,12.89,10.01,15.77
6000.0,13.28,11.26,15.30
8000.0,15.50,13.48,17.52
10000.0,14.28,12.26,16.29
12000.0,14.72,11.73,17.71
14000.0,16.28,12.98,19.57
16000.0,16.00,13.17,18.83
18000.0,16.83,13.89,19.78
20000.0,17.67,15.39,19.95
22000.0,15.90,13.08,18.72
24000.0,14.50,12.36,16.64
26000.0,12.91,10.67,15.15
28000.0,14.79,12.95,16.64
30000.0,13.16,11.29,15.02
32000.0,12.88,11.38,14.37
34000.0,15.62,14.00,17.25
36000.0,16.08,14.29,17.87
38000.0,17.38,15.91,18.85
40000.0,17.84,16.32,19.36
42000.0,16.14,14.52,17.76
44000.0,16.78,15.28,18.28
46000.0,15.94,14.58,17.30
48000.0,16.68,14.90,18.46
