step,mean,ci_down,ci_up
0.0,73.10,60.15,86.05
2000.0,74.25,61.79,86.72
4000.0,75.89,65.27,86.51
6000.0,86.36,79.46,93.26
8000.0,88.51,81.21,95.81
10000.0,94.52,87.83,101.21
12000.0,97.86,92.71,103.00
14000.0,98.06,92.77,103.36
16000.0,103.01,97.88,108.14
18000.0,100.79,96.53,105.06
20000.0,96.00,92.37,99.63
22000.0,92.31,84.09,100.53
24000.0,84.78,75.54,94.03
26000.0,78.09,69.26,86.92
28000.0,76.83,68.83,84.83
30000.0,77.62,70.63,84.62
32000.0,88.18,82.38,93.98
34000.0,91.46,86.72,96.20
36000.0,95.03,91.05,99.00
38000.0,92.23,88.20,96.26
40000.0,94.32,90.91,97.72
42000.0,98.13,95.18,101.08
44000.0,102.34,99.29,105.38
46000.0,101.84,98.34,105.34
48000.0,104.33,101.22,107.44
