step,mean,ci_down,ci_up
0.0,-0.04,-0.06,-0.02
2000.0,-0.04,-0.06,-0.02
4000.0,-0.03,-0.05,-0.02
6000.0,-0.02,-0.03,-0.01
8000.0,-0.01,-0.02,-0.01
10000.0,-0.01,-0.01,-0.01
12000.0,-0.01,-0.01,-0.01
14000.0,-0.01,-0.01,-0.01
16000.0,-0.01,-0.01,-0.01
18000.0,-0.01,-0.01,-0.01
20000.0,-0.01,-0.01,-0.00
22000.0,-0.01,-0.02,-0.00
24000.0,-0.03,-0.04,-0.01
26000.0,-0.03,-0.04,-0.02
28000.0,-0.03,-0.04,-0.02
30000.0,-0.03,-0.04,-0.02
32000.0,-0.02,-0.03,-0.01
34000.0,-0.01,-0.02,-0.01
36000.0,-0.01,-0.01,-0.01
38000.0,-0.01,-0.02,-0.01
40000.0,-0.01,-0.01,-0.01
42000.0,-0.01,-0.01,-0.01
44000.0,-0.01,-0.01,-0.00
46000.0,-0.01,-0.01,-0.00
48000.0,-0.01,-0.01,-0.00
