step,mean,ci_down,ci_up
12000.0,-0.04,-0.04,-0.04
14000.0,-0.11,-0.14,-0.08
16000.0,-0.07,-0.11,-0.03
18000.0,-0.04,-0.07,-0.01
20000.0,-0.05,-0.09,-0.02
22000.0,-0.04,-0.06,-0.02
24000.0,-0.05,-0.08,-0.03
26000.0,-0.03,-0.04,-0.02
28000.0,-0.02,-0.03,-0.01
30000.0,-0.03,-0.03,-0.02
32000.0,-0.03,-0.05,-0.02
34000.0,-0.04,-0.06,-0.02
36000.0,-0.03,-0.04,-0.01
38000.0,-0.02,-0.03,-0.01
40000.0,-0.03,-0.04,-0.02
42000.0,-0.03,-0.04,-0.02
44000.0,-0.03,-0.04,-0.02
46000.0,-0.04,-0.05,-0.03
48000.0,-0.03,-0.04,-0.02
50000.0,-0.03,-0.04,-0.02
52000.0,-0.03,-0.04,-0.02
54000.0,-0.02,-0.03,-0.01
56000.0,-0.02,-0.03,-0.02
58000.0,-0.02,-0.02,-0.01
60000.0,-0.02,-0.02,-0.01
62000.0,-0.02,-0.02,-0.01
64000.0,-0.01,-0.01,-0.01
66000.0,-0.02,-0.02,-0.01
68000.0,-0.01,-0.02,-0.01
70000.0,-0.01,-0.02,-0.01
72000.0,-0.01,-0.01,-0.01
74000.0,-0.01,-0.01,-0.01
76000.0,-0.01,-0.01,-0.01
78000.0,-0.01,-0.01,-0.01
80000.0,-0.01,-0.01,-0.01
82000.0,-0.01,-0.01,-0.01
84000.0,-0.01,-0.01,-0.00
86000.0,-0.01,-0.01,-0.00
88000.0,-0.01,-0.01,-0.00
90000.0,-0.01,-0.01,-0.00
92000.0,-0.01,-0.01,-0.00
94000.0,-0.01,-0.01,-0.00
96000.0,-0.01,-0.01,-0.00
98000.0,-0.01,-0.01,-0.00
100000.0,-0.01,-0.01,-0.00
