step,mean,ci_down,ci_up
12000.0,1.00,1.00,1.00
14000.0,4.33,-3.41,12.08
16000.0,3.25,-0.08,6.58
18000.0,9.75,0.46,19.04
20000.0,12.80,6.64,18.96
22000.0,7.90,3.50,12.30
24000.0,8.42,5.07,11.77
26000.0,7.33,4.53,10.14
28000.0,9.86,7.03,12.68
30000.0,11.62,9.31,13.92
32000.0,13.10,10.95,15.24
34000.0,12.05,9.59,14.50
36000.0,12.00,10.01,13.99
38000.0,11.90,9.17,14.64
40000.0,12.10,10.00,14.19
42000.0,14.19,11.49,16.89
44000.0,15.48,12.91,18.05
46000.0,14.71,12.18,17.25
48000.0,14.33,12.06,16.61
50000.0,13.48,11.07,15.88
52000.0,14.33,11.54,17.13
54000.0,13.48,11.07,15.88
56000.0,13.86,11.11,16.60
58000.0,14.33,11.69,16.98
60000.0,15.14,13.54,16.74
62000.0,14.71,12.45,16.98
64000.0,16.71,14.30,19.12
66000.0,15.71,13.08,18.35
68000.0,15.81,13.08,18.54
70000.0,16.33,14.18,18.48
72000.0,15.86,13.21,18.50
74000.0,15.29,13.46,17.11
76000.0,14.62,11.79,17.45
78000.0,17.67,15.65,19.68
80000.0,17.38,14.40,20.36
82000.0,15.43,12.87,17.99
84000.0,17.29,15.14,19.43
86000.0,15.95,13.62,18.28
88000.0,16.85,13.91,19.79
90000.0,17.70,15.54,19.86
92000.0,16.55,14.10,19.00
94000.0,18.40,15.76,21.04
96000.0,17.70,15.48,19.92
98000.0,16.00,13.90,18.10
100000.0,16.50,14.30,18.70
