step,mean,ci_down,ci_up
12000.0,32.25,32.25,32.25
14000.0,38.91,18.81,59.01
16000.0,39.43,28.18,50.69
18000.0,53.83,27.76,79.91
20000.0,64.92,47.46,82.38
22000.0,54.86,43.27,66.46
24000.0,63.13,51.95,74.31
26000.0,62.61,50.51,74.71
28000.0,63.77,53.94,73.60
30000.0,74.46,66.44,82.48
32000.0,80.47,73.64,87.30
34000.0,86.87,80.45,93.29
36000.0,88.00,80.38,95.62
38000.0,92.88,85.58,100.18
40000.0,91.18,84.55,97.81
42000.0,92.08,86.17,97.99
44000.0,97.24,91.40,103.08
46000.0,97.08,90.66,103.49
48000.0,90.72,85.59,95.85
50000.0,94.20,87.48,100.92
52000.0,99.67,92.31,107.03
54000.0,101.23,94.11,108.36
56000.0,103.88,98.49,109.27
58000.0,94.31,89.57,99.04
60000.0,101.09,95.71,106.47
62000.0,96.84,91.68,102.00
64000.0,96.79,92.05,101.53
66000.0,100.23,94.80,105.67
68000.0,96.32,91.44,101.20
70000.0,97.09,92.72,101.45
72000.0,101.36,95.99,106.73
74000.0,98.70,93.04,104.35
76000.0,100.96,95.13,106.79
78000.0,97.46,93.98,100.94
80000.0,101.28,98.37,104.20
82000.0,101.49,96.26,106.73
84000.0,102.67,98.59,106.75
86000.0,104.89,98.87,110.90
88000.0,105.92,100.75,111.09
90000.0,104.16,97.73,110.58
92000.0,104.11,98.01,110.21
94000.0,100.91,96.41,105.41
96000.0,101.68,96.62,106.75
98000.0,106.12,99.53,112.71
100000.0,105.08,100.05,110.11
