step,mean,ci_down,ci_up
0.0,-0.04,-0.06,-0.02
2000.0,-0.08,-0.11,-0.04
4000.0,-0.11,-0.15,-0.07
6000.0,-0.13,-0.17,-0.09
8000.0,-0.14,-0.19,-0.10
10000.0,-0.16,-0.20,-0.11
12000.0,-0.17,-0.21,-0.12
14000.0,-0.17,-0.22,-0.13
16000.0,-0.18,-0.23,-0.14
18000.0,-0.19,-0.24,-0.14
20000.0,-0.20,-0.25,-0.15
22000.0,-0.21,-0.26,-0.16
24000.0,-0.22,-0.27,-0.17
26000.0,-0.24,-0.29,-0.19
28000.0,-0.26,-0.31,-0.21
30000.0,-0.27,-0.33,-0.22
32000.0,-0.29,-0.36,-0.22
34000.0,-0.31,-0.40,-0.22
36000.0,-0.32,-0.41,-0.23
38000.0,-0.33,-0.43,-0.23
40000.0,-0.34,-0.43,-0.24
42000.0,-0.34,-0.44,-0.25
44000.0,-0.35,-0.45,-0.25
46000.0,-0.35,-0.45,-0.25
48000.0,-0.36,-0.46,-0.26
