step,mean,ci_down,ci_up
0.0,9.92,6.07,13.77
2000.0,20.38,13.89,26.88
4000.0,33.92,27.37,40.47
6000.0,47.38,38.37,56.40
8000.0,62.69,52.79,72.60
10000.0,78.08,66.90,89.25
12000.0,94.46,80.87,108.05
14000.0,111.08,93.84,128.31
16000.0,127.08,106.51,147.64
18000.0,145.46,122.32,168.60
20000.0,163.62,138.44,188.79
22000.0,180.77,154.79,206.75
24000.0,196.54,169.71,223.37
26000.0,211.77,185.98,237.56
28000.0,228.69,202.20,255.19
30000.0,245.08,218.31,271.85
32000.0,260.00,232.21,287.79
34000.0,277.31,247.82,306.80
36000.0,295.92,264.62,327.23
38000.0,315.92,283.78,348.07
40000.0,332.31,297.70,366.91
42000.0,349.46,311.40,387.53
44000.0,364.15,323.49,404.82
46000.0,380.31,339.19,421.43
48000.0,394.15,350.92,437.39
