step,mean,ci_down,ci_up
52000.0,73.10,57.48,88.73
54000.0,149.34,119.86,178.82
56000.0,224.99,195.96,254.02
58000.0,309.77,280.11,339.43
60000.0,397.02,363.71,430.33
62000.0,489.93,451.68,528.18
64000.0,584.57,544.73,624.40
66000.0,681.78,639.79,723.77
68000.0,783.39,737.98,828.80
70000.0,882.24,835.96,928.51
72000.0,976.71,927.64,1025.78
74000.0,1068.71,1018.23,1119.19
76000.0,1165.47,1111.14,1219.80
78000.0,1249.59,1190.72,1308.45
80000.0,1334.36,1267.71,1401.00
82000.0,1422.96,1352.25,1493.66
84000.0,1513.71,1436.38,1591.04
86000.0,1601.60,1515.46,1687.74
88000.0,1694.47,1604.50,1784.44
90000.0,1782.50,1689.50,1875.49
92000.0,1877.76,1782.62,1972.90
94000.0,1976.17,1881.29,2071.05
96000.0,2084.33,1989.91,2178.75
98000.0,2188.71,2093.31,2284.10
100000.0,2294.64,2199.37,2389.92
