step,mean,ci_down,ci_up
52000.0,-0.04,-0.06,-0.02
54000.0,-0.08,-0.11,-0.04
56000.0,-0.11,-0.15,-0.07
58000.0,-0.13,-0.17,-0.09
60000.0,-0.14,-0.19,-0.10
62000.0,-0.16,-0.20,-0.11
64000.0,-0.17,-0.21,-0.12
66000.0,-0.17,-0.22,-0.13
68000.0,-0.18,-0.23,-0.14
70000.0,-0.19,-0.24,-0.14
72000.0,-0.20,-0.25,-0.15
74000.0,-0.21,-0.26,-0.16
76000.0,-0.22,-0.27,-0.17
78000.0,-0.24,-0.29,-0.19
80000.0,-0.26,-0.31,-0.21
82000.0,-0.27,-0.33,-0.22
84000.0,-0.29,-0.36,-0.22
86000.0,-0.31,-0.40,-0.22
88000.0,-0.32,-0.41,-0.23
90000.0,-0.33,-0.43,-0.23
92000.0,-0.34,-0.43,-0.24
94000.0,-0.34,-0.44,-0.25
96000.0,-0.35,-0.45,-0.25
98000.0,-0.35,-0.45,-0.25
100000.0,-0.36,-0.46,-0.26
