step,mean,ci_down,ci_up
0.0,-0.10,-0.14,-0.06
2000.0,-0.07,-0.10,-0.04
4000.0,-0.07,-0.10,-0.04
6000.0,-0.03,-0.04,-0.02
8000.0,-0.04,-0.06,-0.02
10000.0,-0.04,-0.06,-0.02
12000.0,-0.03,-0.05,-0.02
14000.0,-0.02,-0.03,-0.01
16000.0,-0.01,-0.02,-0.01
18000.0,-0.01,-0.01,-0.01
20000.0,-0.01,-0.01,-0.01
22000.0,-0.01,-0.01,-0.01
24000.0,-0.01,-0.01,-0.01
26000.0,-0.01,-0.01,-0.01
28000.0,-0.01,-0.01,-0.00
30000.0,-0.01,-0.02,-0.00
32000.0,-0.03,-0.04,-0.01
34000.0,-0.03,-0.04,-0.02
36000.0,-0.03,-0.04,-0.02
38000.0,-0.03,-0.04,-0.02
40000.0,-0.02,-0.03,-0.01
42000.0,-0.01,-0.02,-0.01
44000.0,-0.01,-0.01,-0.01
46000.0,-0.01,-0.02,-0.01
48000.0,-0.01,-0.01,-0.01
50000.0,-0.01,-0.01,-0.01
52000.0,-0.01,-0.01,-0.00
54000.0,-0.01,-0.01,-0.00
56000.0,-0.01,-0.01,-0.00
