step,mean,ci_down,ci_up
0.0,36.71,22.32,51.10
2000.0,46.28,37.20,55.36
4000.0,59.34,45.94,72.75
6000.0,71.76,61.60,81.92
8000.0,73.10,60.23,85.98
10000.0,74.25,61.86,86.64
12000.0,75.89,65.33,86.45
14000.0,86.36,79.50,93.22
16000.0,88.51,81.26,95.76
18000.0,94.52,87.87,101.17
20000.0,97.86,92.74,102.97
22000.0,98.06,92.80,103.33
24000.0,103.01,97.91,108.11
26000.0,100.79,96.55,105.03
28000.0,96.00,92.39,99.61
30000.0,92.31,84.14,100.49
32000.0,84.78,75.59,93.98
34000.0,78.09,69.31,86.87
36000.0,76.83,68.88,84.79
38000.0,77.62,70.67,84.58
40000.0,88.18,82.42,93.95
42000.0,91.46,86.74,96.17
44000.0,95.03,91.07,98.98
46000.0,92.23,88.22,96.23
48000.0,94.32,90.93,97.70
50000.0,98.13,95.20,101.06
52000.0,102.34,99.31,105.37
54000.0,101.84,98.36,105.32
56000.0,104.33,101.23,107.43
