step,mean,ci_down,ci_up
0.0,4.75,1.12,8.38
2000.0,10.33,5.00,15.67
4000.0,8.25,4.09,12.41
6000.0,12.89,9.53,16.25
8000.0,9.92,6.75,13.10
10000.0,9.60,6.94,12.26
12000.0,12.89,10.02,15.75
14000.0,13.28,11.27,15.28
16000.0,15.50,13.49,17.51
18000.0,14.28,12.28,16.28
20000.0,14.72,11.75,17.69
22000.0,16.28,13.00,19.55
24000.0,16.00,13.19,18.81
26000.0,16.83,13.90,19.76
28000.0,17.67,15.40,19.93
30000.0,15.90,13.10,18.70
32000.0,14.50,12.37,16.63
34000.0,12.91,10.68,15.14
36000.0,14.79,12.96,16.63
38000.0,13.16,11.30,15.01
40000.0,12.88,11.39,14.36
42000.0,15.62,14.01,17.24
44000.0,16.08,14.30,17.86
46000.0,17.38,15.92,18.84
48000.0,17.84,16.33,19.35
50000.0,16.14,14.53,17.75
52000.0,16.78,15.29,18.27
54000.0,15.94,14.58,17.30
56000.0,16.68,14.91,18.45
