step,mean,ci_down,ci_up
44000.0,-0.10,-0.14,-0.06
46000.0,-0.07,-0.10,-0.04
48000.0,-0.07,-0.10,-0.04
50000.0,-0.03,-0.04,-0.02
52000.0,-0.04,-0.06,-0.02
54000.0,-0.04,-0.06,-0.02
56000.0,-0.03,-0.05,-0.02
58000.0,-0.02,-0.03,-0.01
60000.0,-0.01,-0.02,-0.01
62000.0,-0.01,-0.01,-0.01
64000.0,-0.01,-0.01,-0.01
66000.0,-0.01,-0.01,-0.01
68000.0,-0.01,-0.01,-0.01
70000.0,-0.01,-0.01,-0.01
72000.0,-0.01,-0.01,-0.00
74000.0,-0.01,-0.02,-0.00
76000.0,-0.03,-0.04,-0.01
78000.0,-0.03,-0.04,-0.02
80000.0,-0.03,-0.04,-0.02
82000.0,-0.03,-0.04,-0.02
84000.0,-0.02,-0.03,-0.01
86000.0,-0.01,-0.02,-0.01
88000.0,-0.01,-0.01,-0.01
90000.0,-0.01,-0.02,-0.01
92000.0,-0.01,-0.01,-0.01
94000.0,-0.01,-0.01,-0.01
96000.0,-0.01,-0.01,-0.00
98000.0,-0.01,-0.01,-0.00
100000.0,-0.01,-0.01,-0.00
