step,mean,ci_down,ci_up
500.0,202.00,202.00,202.00
550.0,396.54,389.27,403.81
600.0,598.54,591.27,605.81
650.0,798.62,790.49,806.75
700.0,997.00,987.58,1006.42
750.0,1197.35,1187.47,1207.23
800.0,1397.43,1386.95,1407.91
850.0,1597.58,1586.59,1608.57
900.0,1797.67,1786.17,1809.17
950.0,1999.67,1988.17,2011.17
1000.0,2201.67,2190.17,2213.17
1050.0,2403.67,2392.17,2415.17
1100.0,2605.67,2594.17,2617.17
1150.0,2807.67,2796.17,2819.17
1200.0,3009.67,2998.17,3021.17
1250.0,3211.67,3200.17,3223.17
1300.0,3413.67,3402.17,3425.17
1350.0,3615.67,3604.17,3627.17
1400.0,3817.67,3806.17,3829.17
1450.0,4019.67,4008.17,4031.17
1500.0,4221.67,4210.17,4233.17
1550.0,4423.67,4412.17,4435.17
1600.0,4623.85,4610.80,4636.89
1650.0,4825.85,4812.80,4838.89
1700.0,5027.85,5014.80,5040.89
1750.0,5229.85,5216.80,5242.89
1800.0,5431.85,5418.80,5444.89
1850.0,5633.85,5620.80,5646.89
1900.0,5835.85,5822.80,5848.89
1950.0,6037.85,6024.80,6050.89
2000.0,6239.85,6226.80,6252.89
2050.0,6441.85,6428.80,6454.89
2100.0,6642.02,6628.61,6655.44
2150.0,6844.02,6830.61,6857.44
2200.0,7046.02,7032.61,7059.44
2250.0,7242.56,7228.16,7256.97
2300.0,7442.74,7428.04,7457.45
2350.0,7642.93,7627.93,7657.92
2400.0,7832.19,7812.67,7851.70
2450.0,8017.81,7992.55,8043.06
2500.0,8198.00,8166.26,8229.75
2550.0,8372.70,8331.50,8413.91
2600.0,8541.94,8489.99,8593.90
2650.0,8702.08,8638.66,8765.51
2700.0,8860.42,8785.74,8935.11
2750.0,9002.36,8915.52,9089.21
2800.0,9129.75,9031.24,9228.25
2850.0,9249.84,9139.09,9360.60
2900.0,9346.28,9224.54,9468.03
2950.0,9444.55,9310.71,9578.38
3000.0,9520.97,9377.60,9664.33
3050.0,9591.92,9438.70,9745.15
3100.0,9651.97,9490.31,9813.62
3150.0,9710.18,9539.28,9881.09
3200.0,9755.67,9577.94,9933.39
3250.0,9786.58,9605.63,9967.54
3300.0,9813.86,9630.73,9997.00
3350.0,9841.15,9655.72,10026.57
3400.0,9864.78,9678.06,10051.51
3450.0,9886.60,9699.13,10074.08
3500.0,9908.42,9720.13,10096.72
3550.0,9928.42,9740.13,10116.72
3600.0,9948.42,9760.13,10136.72
3650.0,9968.42,9780.13,10156.72
3700.0,9988.42,9800.13,10176.72
3750.0,10010.25,9821.90,10198.59
3800.0,10030.25,9841.90,10218.59
3850.0,10050.25,9861.90,10238.59
3900.0,10070.25,9881.90,10258.59
3950.0,10090.25,9901.90,10278.59
4000.0,10110.25,9921.90,10298.59
4050.0,10130.25,9941.90,10318.59
4100.0,10150.25,9961.90,10338.59
4150.0,10170.25,9981.90,10358.59
4200.0,10190.25,10001.90,10378.59
4250.0,10210.25,10021.90,10398.59
4300.0,10230.25,10041.90,10418.59
4350.0,10250.25,10061.90,10438.59
4400.0,10270.25,10081.90,10458.59
4450.0,10290.25,10101.90,10478.59
4500.0,10310.25,10121.90,10498.59
4550.0,10330.25,10141.90,10518.59
4600.0,10350.25,10161.90,10538.59
4650.0,10370.25,10181.90,10558.59
4700.0,10390.25,10201.90,10578.59
4750.0,10410.25,10221.90,10598.59
4800.0,10430.25,10241.90,10618.59
4850.0,10450.25,10261.90,10638.59
4900.0,10470.25,10281.90,10658.59
4950.0,10490.25,10301.90,10678.59
5000.0,10510.25,10321.90,10698.59
5050.0,10530.25,10341.90,10718.59
5100.0,10550.25,10361.90,10738.59
5150.0,10570.25,10381.90,10758.59
5200.0,10590.25,10401.90,10778.59
5250.0,10610.25,10421.90,10798.59
5300.0,10630.25,10441.90,10818.59
5350.0,10650.25,10461.90,10838.59
5400.0,10670.25,10481.90,10858.59
5450.0,10690.25,10501.90,10878.59
5500.0,10710.25,10521.90,10898.59
5550.0,10730.25,10541.90,10918.59
5600.0,10750.25,10561.90,10938.59
5650.0,10770.25,10581.90,10958.59
5700.0,10790.25,10601.90,10978.59
5750.0,10810.25,10621.90,10998.59
5800.0,10830.25,10641.90,11018.59
5850.0,10850.25,10661.90,11038.59
5900.0,10870.25,10681.90,11058.59
5950.0,10890.25,10701.90,11078.59
6000.0,10910.25,10721.90,11098.59
6050.0,10930.25,10741.90,11118.59
6100.0,10950.25,10761.90,11138.59
6150.0,10970.25,10781.90,11158.59
6200.0,10990.25,10801.90,11178.59
6250.0,11010.25,10821.90,11198.59
6300.0,11030.25,10841.90,11218.59
6350.0,11050.25,10861.90,11238.59
6400.0,11070.25,10881.90,11258.59
6450.0,11090.25,10901.90,11278.59
6500.0,11110.25,10921.90,11298.59
6550.0,11130.25,10941.90,11318.59
6600.0,11150.25,10961.90,11338.59
6650.0,11170.25,10981.90,11358.59
6700.0,11190.25,11001.90,11378.59
6750.0,11210.25,11021.90,11398.59
6800.0,11230.25,11041.90,11418.59
6850.0,11250.25,11061.90,11438.59
6900.0,11270.25,11081.90,11458.59
6950.0,11290.25,11101.90,11478.59
7000.0,11310.25,11121.90,11498.59
7050.0,11330.25,11141.90,11518.59
7100.0,11350.25,11161.90,11538.59
7150.0,11370.25,11181.90,11558.59
7200.0,11390.25,11201.90,11578.59
7250.0,11410.25,11221.90,11598.59
7300.0,11430.25,11241.90,11618.59
7350.0,11450.25,11261.90,11638.59
7400.0,11470.25,11281.90,11658.59
7450.0,11490.25,11301.90,11678.59
7500.0,11510.25,11321.90,11698.59
7550.0,11530.25,11341.90,11718.59
7600.0,11550.25,11361.90,11738.59
7650.0,11570.25,11381.90,11758.59
7700.0,11590.25,11401.90,11778.59
7750.0,11610.25,11421.90,11798.59
7800.0,11630.25,11441.90,11818.59
7850.0,11650.25,11461.90,11838.59
7900.0,11670.25,11481.90,11858.59
7950.0,11690.25,11501.90,11878.59
8000.0,11710.25,11521.90,11898.59
