step,mean,ci_down,ci_up
500.0,-10.00,-10.00,-10.00
550.0,-58.92,-98.19,-19.65
600.0,-68.92,-108.19,-29.65
650.0,-88.56,-131.87,-45.26
700.0,-112.36,-159.38,-65.34
750.0,-128.60,-176.90,-80.31
800.0,-148.25,-199.66,-96.84
850.0,-166.19,-219.48,-112.90
900.0,-184.87,-240.32,-129.42
950.0,-194.87,-250.32,-139.42
1000.0,-204.87,-260.32,-149.42
1050.0,-214.87,-270.32,-159.42
1100.0,-224.87,-280.32,-169.42
1150.0,-234.87,-290.32,-179.42
1200.0,-244.87,-300.32,-189.42
1250.0,-254.87,-310.32,-199.42
1300.0,-264.87,-320.32,-209.42
1350.0,-274.87,-330.32,-219.42
1400.0,-284.87,-340.32,-229.42
1450.0,-294.87,-350.32,-239.42
1500.0,-304.87,-360.32,-249.42
1550.0,-314.87,-370.32,-259.42
1600.0,-328.42,-387.00,-269.85
1650.0,-338.42,-397.00,-279.85
1700.0,-348.42,-407.00,-289.85
1750.0,-358.42,-417.00,-299.85
1800.0,-368.42,-427.00,-309.85
1850.0,-378.42,-437.00,-319.85
1900.0,-388.42,-447.00,-329.85
1950.0,-398.42,-457.00,-339.85
2000.0,-408.42,-467.00,-349.85
2050.0,-418.42,-477.00,-359.85
2100.0,-428.14,-486.73,-369.54
2150.0,-438.14,-496.73,-379.54
2200.0,-448.14,-506.73,-389.54
2250.0,-457.29,-515.95,-398.63
2300.0,-467.00,-525.68,-408.32
2350.0,-476.72,-535.42,-418.02
2400.0,-484.73,-543.60,-425.86
2450.0,-492.18,-551.28,-433.08
2500.0,-498.87,-558.27,-439.48
2550.0,-504.62,-564.44,-444.79
2600.0,-509.51,-569.88,-449.14
2650.0,-512.99,-574.05,-451.92
2700.0,-516.23,-578.04,-454.42
2750.0,-516.87,-579.45,-454.28
2800.0,-515.24,-578.87,-451.60
2850.0,-512.47,-576.84,-448.10
2900.0,-506.02,-571.30,-440.74
2950.0,-499.84,-566.05,-433.63
3000.0,-490.27,-557.11,-423.43
3050.0,-479.84,-547.27,-412.41
3100.0,-467.71,-535.78,-399.65
3150.0,-455.30,-523.93,-386.68
3200.0,-440.90,-510.07,-371.73
3250.0,-424.24,-493.51,-354.96
3300.0,-407.00,-476.51,-337.49
3350.0,-389.77,-459.52,-320.02
3400.0,-371.96,-441.92,-302.00
3450.0,-353.88,-423.87,-283.88
3500.0,-335.79,-405.82,-265.76
3550.0,-317.42,-387.45,-247.39
3600.0,-299.05,-369.08,-229.02
3650.0,-280.68,-350.71,-210.65
3700.0,-262.31,-332.34,-192.28
3750.0,-244.22,-314.24,-174.21
3800.0,-225.85,-295.87,-155.84
3850.0,-207.48,-277.50,-137.47
3900.0,-189.11,-259.13,-119.10
3950.0,-170.74,-240.76,-100.73
4000.0,-152.37,-222.39,-82.36
4050.0,-134.00,-204.02,-63.99
4100.0,-115.63,-185.65,-45.62
4150.0,-97.26,-167.28,-27.25
4200.0,-78.89,-148.91,-8.88
4250.0,-60.52,-130.54,9.49
4300.0,-42.15,-112.17,27.86
4350.0,-23.78,-93.80,46.23
4400.0,-5.41,-75.43,64.60
4450.0,12.96,-57.06,82.97
4500.0,31.33,-38.69,101.34
4550.0,49.70,-20.32,119.71
4600.0,68.07,-1.95,138.08
4650.0,86.44,16.42,156.45
4700.0,104.81,34.79,174.82
4750.0,123.18,53.16,193.19
4800.0,141.55,71.53,211.56
4850.0,159.92,89.90,229.93
4900.0,178.29,108.27,248.30
4950.0,196.66,126.64,266.67
5000.0,215.03,145.01,285.04
5050.0,233.40,163.38,303.41
5100.0,251.77,181.75,321.78
5150.0,270.14,200.12,340.15
5200.0,288.51,218.49,358.52
5250.0,306.88,236.86,376.89
5300.0,325.25,255.23,395.26
5350.0,343.62,273.60,413.63
5400.0,361.99,291.97,432.00
5450.0,380.36,310.34,450.37
5500.0,398.73,328.71,468.74
5550.0,417.10,347.08,487.11
5600.0,435.47,365.45,505.48
5650.0,453.84,383.82,523.85
5700.0,472.21,402.19,542.22
5750.0,490.58,420.56,560.59
5800.0,508.95,438.93,578.96
5850.0,527.32,457.30,597.33
5900.0,545.69,475.67,615.70
5950.0,564.06,494.04,634.07
6000.0,582.43,512.41,652.44
6050.0,600.80,530.78,670.81
6100.0,619.17,549.15,689.18
6150.0,637.54,567.52,707.55
6200.0,655.91,585.89,725.92
6250.0,674.28,604.26,744.29
6300.0,692.65,622.63,762.66
6350.0,711.02,641.00,781.03
6400.0,729.39,659.37,799.40
6450.0,747.76,677.74,817.77
6500.0,766.13,696.11,836.14
6550.0,784.50,714.48,854.51
6600.0,802.87,732.85,872.88
6650.0,821.24,751.22,891.25
6700.0,839.61,769.59,909.62
6750.0,857.98,787.96,927.99
6800.0,876.35,806.33,946.36
6850.0,894.72,824.70,964.73
6900.0,913.09,843.07,983.10
6950.0,931.46,861.44,1001.47
7000.0,949.83,879.81,1019.84
7050.0,968.20,898.18,1038.21
7100.0,986.57,916.55,1056.58
7150.0,1004.94,934.92,1074.95
7200.0,1023.31,953.29,1093.32
7250.0,1041.68,971.66,1111.69
7300.0,1060.05,990.03,1130.06
7350.0,1078.42,1008.40,1148.43
7400.0,1096.79,1026.77,1166.80
7450.0,1115.16,1045.14,1185.17
7500.0,1133.53,1063.51,1203.54
7550.0,1151.90,1081.88,1221.91
7600.0,1170.27,1100.25,1240.28
7650.0,1188.64,1118.62,1258.65
7700.0,1207.01,1136.99,1277.02
7750.0,1225.38,1155.36,1295.39
7800.0,1243.75,1173.73,1313.76
7850.0,1262.12,1192.10,1332.13
7900.0,1280.49,1210.47,1350.50
7950.0,1298.86,1228.84,1368.87
8000.0,1317.23,1247.21,1387.24
