step,mean,ci_down,ci_up
150.0,70.00,70.00,70.00
200.0,147.91,104.56,191.26
250.0,156.28,131.44,181.13
300.0,148.03,130.36,165.69
350.0,180.07,169.10,191.05
400.0,199.12,195.08,203.17
450.0,196.58,190.45,202.71
500.0,202.00,202.00,202.00
550.0,194.54,187.27,201.81
600.0,202.00,202.00,202.00
650.0,200.08,196.29,203.87
700.0,198.38,193.35,203.41
750.0,200.35,197.09,203.61
800.0,200.08,196.29,203.87
850.0,200.15,196.50,203.80
900.0,200.09,196.32,203.86
950.0,202.00,202.00,202.00
1000.0,202.00,202.00,202.00
1050.0,202.00,202.00,202.00
1100.0,202.00,202.00,202.00
1150.0,202.00,202.00,202.00
1200.0,202.00,202.00,202.00
1250.0,202.00,202.00,202.00
1300.0,202.00,202.00,202.00
1350.0,202.00,202.00,202.00
1400.0,202.00,202.00,202.00
1450.0,202.00,202.00,202.00
1500.0,202.00,202.00,202.00
1550.0,202.00,202.00,202.00
1600.0,200.18,196.57,203.78
1650.0,202.00,202.00,202.00
1700.0,202.00,202.00,202.00
1750.0,202.00,202.00,202.00
1800.0,202.00,202.00,202.00
1850.0,202.00,202.00,202.00
1900.0,202.00,202.00,202.00
1950.0,202.00,202.00,202.00
2000.0,202.00,202.00,202.00
2050.0,202.00,202.00,202.00
2100.0,200.18,196.59,203.77
2150.0,202.00,202.00,202.00
2200.0,202.00,202.00,202.00
2250.0,196.54,190.38,202.70
2300.0,200.18,196.59,203.77
2350.0,200.18,196.59,203.77
2400.0,189.26,180.04,198.48
2450.0,185.62,175.28,195.96
2500.0,180.20,168.48,191.92
2550.0,174.70,161.80,187.60
2600.0,169.24,155.36,183.12
2650.0,160.14,144.94,175.34
2700.0,158.34,142.92,173.76
2750.0,141.94,124.95,158.93
2800.0,127.38,109.61,145.15
2850.0,120.10,102.13,138.07
2900.0,96.44,78.61,114.27
2950.0,98.26,80.37,116.15
3000.0,76.42,59.71,93.13
3050.0,70.96,54.74,87.18
3100.0,60.04,45.07,75.01
3150.0,58.22,43.50,72.94
3200.0,45.48,32.94,58.02
3250.0,30.92,22.34,39.50
3300.0,27.28,20.20,34.36
3350.0,27.28,20.20,34.36
3400.0,23.64,18.58,28.70
3450.0,21.82,18.23,25.41
3500.0,21.82,18.23,25.41
3550.0,20.00,20.00,20.00
3600.0,20.00,20.00,20.00
3650.0,20.00,20.00,20.00
3700.0,20.00,20.00,20.00
3750.0,21.82,18.23,25.41
3800.0,20.00,20.00,20.00
3850.0,20.00,20.00,20.00
3900.0,20.00,20.00,20.00
3950.0,20.00,20.00,20.00
4000.0,20.00,20.00,20.00
4050.0,20.00,20.00,20.00
4100.0,20.00,20.00,20.00
4150.0,20.00,20.00,20.00
4200.0,20.00,20.00,20.00
4250.0,20.00,20.00,20.00
4300.0,20.00,20.00,20.00
4350.0,20.00,20.00,20.00
4400.0,20.00,20.00,20.00
4450.0,20.00,20.00,20.00
4500.0,20.00,20.00,20.00
4550.0,20.00,20.00,20.00
4600.0,20.00,20.00,20.00
4650.0,20.00,20.00,20.00
4700.0,20.00,20.00,20.00
4750.0,20.00,20.00,20.00
4800.0,20.00,20.00,20.00
4850.0,20.00,20.00,20.00
4900.0,20.00,20.00,20.00
4950.0,20.00,20.00,20.00
5000.0,20.00,20.00,20.00
5050.0,20.00,20.00,20.00
5100.0,20.00,20.00,20.00
5150.0,20.00,20.00,20.00
5200.0,20.00,20.00,20.00
5250.0,20.00,20.00,20.00
5300.0,20.00,20.00,20.00
5350.0,20.00,20.00,20.00
5400.0,20.00,20.00,20.00
5450.0,20.00,20.00,20.00
5500.0,20.00,20.00,20.00
5550.0,20.00,20.00,20.00
5600.0,20.00,20.00,20.00
5650.0,20.00,20.00,20.00
5700.0,20.00,20.00,20.00
5750.0,20.00,20.00,20.00
5800.0,20.00,20.00,20.00
5850.0,20.00,20.00,20.00
5900.0,20.00,20.00,20.00
5950.0,20.00,20.00,20.00
6000.0,20.00,20.00,20.00
6050.0,20.00,20.00,20.00
6100.0,20.00,20.00,20.00
6150.0,20.00,20.00,20.00
6200.0,20.00,20.00,20.00
6250.0,20.00,20.00,20.00
6300.0,20.00,20.00,20.00
6350.0,20.00,20.00,20.00
6400.0,20.00,20.00,20.00
6450.0,20.00,20.00,20.00
6500.0,20.00,20.00,20.00
6550.0,20.00,20.00,20.00
6600.0,20.00,20.00,20.00
6650.0,20.00,20.00,20.00
6700.0,20.00,20.00,20.00
6750.0,20.00,20.00,20.00
6800.0,20.00,20.00,20.00
6850.0,20.00,20.00,20.00
6900.0,20.00,20.00,20.00
6950.0,20.00,20.00,20.00
7000.0,20.00,20.00,20.00
7050.0,20.00,20.00,20.00
7100.0,20.00,20.00,20.00
7150.0,20.00,20.00,20.00
7200.0,20.00,20.00,20.00
7250.0,20.00,20.00,20.00
7300.0,20.00,20.00,20.00
7350.0,20.00,20.00,20.00
7400.0,20.00,20.00,20.00
7450.0,20.00,20.00,20.00
7500.0,20.00,20.00,20.00
7550.0,20.00,20.00,20.00
7600.0,20.00,20.00,20.00
7650.0,20.00,20.00,20.00
7700.0,20.00,20.00,20.00
7750.0,20.00,20.00,20.00
7800.0,20.00,20.00,20.00
7850.0,20.00,20.00,20.00
7900.0,20.00,20.00,20.00
7950.0,20.00,20.00,20.00
8000.0,20.00,20.00,20.00
