step,mean,ci_down,ci_up
150.0,-242.51,-242.51,-242.51
200.0,-938.67,-1769.58,-107.75
250.0,-463.59,-744.89,-182.29
300.0,-722.83,-989.52,-456.13
350.0,-180.86,-288.52,-73.20
400.0,-12.12,-15.10,-9.15
450.0,-38.54,-71.69,-5.38
500.0,-10.00,-10.00,-10.00
550.0,-48.92,-88.19,-9.65
600.0,-10.00,-10.00,-10.00
650.0,-19.65,-38.70,-0.59
700.0,-23.79,-43.49,-4.10
750.0,-16.25,-28.58,-3.91
800.0,-19.65,-38.70,-0.59
850.0,-17.94,-33.62,-2.26
900.0,-18.68,-35.83,-1.53
950.0,-10.00,-10.00,-10.00
1000.0,-10.00,-10.00,-10.00
1050.0,-10.00,-10.00,-10.00
1100.0,-10.00,-10.00,-10.00
1150.0,-10.00,-10.00,-10.00
1200.0,-10.00,-10.00,-10.00
1250.0,-10.00,-10.00,-10.00
1300.0,-10.00,-10.00,-10.00
1350.0,-10.00,-10.00,-10.00
1400.0,-10.00,-10.00,-10.00
1450.0,-10.00,-10.00,-10.00
1500.0,-10.00,-10.00,-10.00
1550.0,-10.00,-10.00,-10.00
1600.0,-13.55,-20.56,-6.54
1650.0,-10.00,-10.00,-10.00
1700.0,-10.00,-10.00,-10.00
1750.0,-10.00,-10.00,-10.00
1800.0,-10.00,-10.00,-10.00
1850.0,-10.00,-10.00,-10.00
1900.0,-10.00,-10.00,-10.00
1950.0,-10.00,-10.00,-10.00
2000.0,-10.00,-10.00,-10.00
2050.0,-10.00,-10.00,-10.00
2100.0,-9.72,-10.28,-9.16
2150.0,-10.00,-10.00,-10.00
2200.0,-10.00,-10.00,-10.00
2250.0,-9.15,-10.11,-8.19
2300.0,-9.72,-10.28,-9.16
2350.0,-9.72,-10.28,-9.16
2400.0,-8.01,-9.45,-6.58
2450.0,-7.45,-9.06,-5.83
2500.0,-6.69,-8.48,-4.91
2550.0,-5.74,-7.76,-3.73
2600.0,-4.89,-7.06,-2.73
2650.0,-3.47,-5.84,-1.10
2700.0,-3.25,-5.63,-0.86
2750.0,-0.64,-3.29,2.01
2800.0,1.63,-1.14,4.40
2850.0,2.77,-0.04,5.57
2900.0,6.45,3.67,9.23
2950.0,6.17,3.38,8.96
3000.0,9.58,6.97,12.18
3050.0,10.43,7.90,12.96
3100.0,12.13,9.80,14.46
3150.0,12.41,10.12,14.71
3200.0,14.40,12.44,16.35
3250.0,16.67,15.33,18.01
3300.0,17.24,16.13,18.34
3350.0,17.24,16.13,18.34
3400.0,17.80,17.01,18.59
3450.0,18.09,17.53,18.65
3500.0,18.09,17.53,18.65
3550.0,18.37,18.37,18.37
3600.0,18.37,18.37,18.37
3650.0,18.37,18.37,18.37
3700.0,18.37,18.37,18.37
3750.0,18.09,17.53,18.65
3800.0,18.37,18.37,18.37
3850.0,18.37,18.37,18.37
3900.0,18.37,18.37,18.37
3950.0,18.37,18.37,18.37
4000.0,18.37,18.37,18.37
4050.0,18.37,18.37,18.37
4100.0,18.37,18.37,18.37
4150.0,18.37,18.37,18.37
4200.0,18.37,18.37,18.37
4250.0,18.37,18.37,18.37
4300.0,18.37,18.37,18.37
4350.0,18.37,18.37,18.37
4400.0,18.37,18.37,18.37
4450.0,18.37,18.37,18.37
4500.0,18.37,18.37,18.37
4550.0,18.37,18.37,18.37
4600.0,18.37,18.37,18.37
4650.0,18.37,18.37,18.37
4700.0,18.37,18.37,18.37
4750.0,18.37,18.37,18.37
4800.0,18.37,18.37,18.37
4850.0,18.37,18.37,18.37
4900.0,18.37,18.37,18.37
4950.0,18.37,18.37,18.37
5000.0,18.37,18.37,18.37
5050.0,18.37,18.37,18.37
5100.0,18.37,18.37,18.37
5150.0,18.37,18.37,18.37
5200.0,18.37,18.37,18.37
5250.0,18.37,18.37,18.37
5300.0,18.37,18.37,18.37
5350.0,18.37,18.37,18.37
5400.0,18.37,18.37,18.37
5450.0,18.37,18.37,18.37
5500.0,18.37,18.37,18.37
5550.0,18.37,18.37,18.37
5600.0,18.37,18.37,18.37
5650.0,18.37,18.37,18.37
5700.0,18.37,18.37,18.37
5750.0,18.37,18.37,18.37
5800.0,18.37,18.37,18.37
5850.0,18.37,18.37,18.37
5900.0,18.37,18.37,18.37
5950.0,18.37,18.37,18.37
6000.0,18.37,18.37,18.37
6050.0,18.37,18.37,18.37
6100.0,18.37,18.37,18.37
6150.0,18.37,18.37,18.37
6200.0,18.37,18.37,18.37
6250.0,18.37,18.37,18.37
6300.0,18.37,18.37,18.37
6350.0,18.37,18.37,18.37
6400.0,18.37,18.37,18.37
6450.0,18.37,18.37,18.37
6500.0,18.37,18.37,18.37
6550.0,18.37,18.37,18.37
6600.0,18.37,18.37,18.37
6650.0,18.37,18.37,18.37
6700.0,18.37,18.37,18.37
6750.0,18.37,18.37,18.37
6800.0,18.37,18.37,18.37
6850.0,18.37,18.37,18.37
6900.0,18.37,18.37,18.37
6950.0,18.37,18.37,18.37
7000.0,18.37,18.37,18.37
7050.0,18.37,18.37,18.37
7100.0,18.37,18.37,18.37
7150.0,18.37,18.37,18.37
7200.0,18.37,18.37,18.37
7250.0,18.37,18.37,18.37
7300.0,18.37,18.37,18.37
7350.0,18.37,18.37,18.37
7400.0,18.37,18.37,18.37
7450.0,18.37,18.37,18.37
7500.0,18.37,18.37,18.37
7550.0,18.37,18.37,18.37
7600.0,18.37,18.37,18.37
7650.0,18.37,18.37,18.37
7700.0,18.37,18.37,18.37
7750.0,18.37,18.37,18.37
7800.0,18.37,18.37,18.37
7850.0,18.37,18.37,18.37
7900.0,18.37,18.37,18.37
7950.0,18.37,18.37,18.37
8000.0,18.37,18.37,18.37
