step,mean,ci_down,ci_up
0.0,1.70,1.39,2.01
2000.0,7.98,7.04,8.92
4000.0,9.88,8.89,10.87
6000.0,11.40,10.08,12.72
8000.0,12.06,10.80,13.32
10000.0,12.44,11.01,13.87
12000.0,12.22,11.06,13.38
14000.0,11.86,10.71,13.01
16000.0,14.94,13.58,16.30
18000.0,15.06,13.46,16.66
20000.0,15.40,14.00,16.80
22000.0,14.64,13.45,15.83
24000.0,13.80,12.61,14.99
26000.0,14.60,13.48,15.72
28000.0,14.24,13.03,15.45
30000.0,16.22,14.81,17.63
32000.0,14.60,13.40,15.80
34000.0,15.00,13.92,16.08
36000.0,16.06,14.48,17.64
38000.0,17.44,16.09,18.79
40000.0,16.12,14.64,17.60
42000.0,15.72,14.55,16.89
44000.0,17.40,15.76,19.04
46000.0,16.20,14.77,17.63
48000.0,17.34,15.76,18.92
50000.0,16.02,14.81,17.23
52000.0,16.20,14.85,17.55
54000.0,16.02,14.57,17.47
56000.0,17.10,15.84,18.36
58000.0,16.71,15.32,18.11
60000.0,17.47,15.98,18.96
62000.0,16.90,15.31,18.48
64000.0,17.22,15.93,18.52
66000.0,15.98,14.64,17.32
68000.0,16.45,15.04,17.86
70000.0,17.35,15.89,18.81
72000.0,16.35,14.79,17.91
74000.0,16.31,14.75,17.86
76000.0,16.59,15.06,18.12
78000.0,14.45,12.95,15.95
80000.0,16.20,14.88,17.53
82000.0,17.45,16.11,18.79
84000.0,16.20,14.83,17.58
86000.0,16.98,15.63,18.33
88000.0,17.35,15.89,18.81
90000.0,16.92,15.53,18.31
92000.0,17.22,16.04,18.41
94000.0,16.78,15.40,18.15
96000.0,17.29,15.82,18.76
98000.0,17.10,15.84,18.36
100000.0,17.18,15.99,18.38
