step,mean,ci_down,ci_up
0.0,27.87,26.80,28.94
2000.0,48.39,45.52,51.26
4000.0,62.20,59.23,65.17
6000.0,71.77,68.64,74.90
8000.0,76.01,72.72,79.29
10000.0,75.79,72.82,78.77
12000.0,76.75,73.61,79.88
14000.0,78.20,74.53,81.87
16000.0,79.46,76.35,82.56
18000.0,78.56,75.68,81.43
20000.0,82.78,79.38,86.18
22000.0,87.79,84.59,90.99
24000.0,84.16,80.93,87.39
26000.0,85.16,82.16,88.17
28000.0,88.57,85.58,91.56
30000.0,87.06,83.67,90.44
32000.0,88.17,85.55,90.80
34000.0,89.43,85.99,92.87
36000.0,90.72,87.46,93.97
38000.0,91.12,88.03,94.22
40000.0,91.54,88.09,94.98
42000.0,95.37,92.51,98.23
44000.0,96.11,93.22,99.00
46000.0,98.10,95.17,101.03
48000.0,94.27,91.06,97.48
50000.0,95.99,93.04,98.94
52000.0,98.17,94.36,101.99
54000.0,94.88,91.20,98.56
56000.0,95.35,92.32,98.38
58000.0,95.66,91.89,99.42
60000.0,96.86,93.49,100.24
62000.0,96.01,92.92,99.09
64000.0,97.00,94.44,99.55
66000.0,96.36,92.84,99.88
68000.0,98.22,94.74,101.70
70000.0,98.36,95.48,101.24
72000.0,97.23,94.06,100.41
74000.0,99.36,95.95,102.77
76000.0,100.69,97.59,103.79
78000.0,103.65,100.55,106.74
80000.0,99.05,95.89,102.22
82000.0,99.72,96.32,103.13
84000.0,100.19,96.64,103.75
86000.0,102.36,99.01,105.72
88000.0,101.46,98.28,104.64
90000.0,100.25,96.98,103.52
92000.0,101.66,98.14,105.18
94000.0,103.34,100.33,106.35
96000.0,102.47,99.48,105.46
98000.0,103.38,100.35,106.40
100000.0,103.09,99.72,106.45
