step,mean,ci_down,ci_up
0.0,-1563.78,-2284.55,-843.02
50.0,-2272.38,-2987.43,-1557.34
100.0,-3258.07,-4288.75,-2227.39
150.0,-3794.89,-4937.08,-2652.71
200.0,-3918.70,-5103.37,-2734.04
250.0,-3956.84,-5127.66,-2786.01
300.0,-3966.84,-5137.66,-2796.01
350.0,-4147.93,-5464.73,-2831.14
400.0,-4319.14,-5572.07,-3066.22
450.0,-4416.84,-5730.64,-3103.04
500.0,-4426.84,-5740.64,-3113.04
550.0,-4436.84,-5750.64,-3123.04
600.0,-4500.17,-5790.04,-3210.30
650.0,-4573.55,-5879.19,-3267.90
700.0,-4583.55,-5889.19,-3277.90
750.0,-4593.55,-5899.19,-3287.90
800.0,-4603.55,-5909.19,-3297.90
850.0,-4641.94,-5942.82,-3341.07
900.0,-4651.94,-5952.82,-3351.07
950.0,-4661.94,-5962.82,-3361.07
1000.0,-4671.94,-5972.82,-3371.07
1050.0,-4681.94,-5982.82,-3381.07
1100.0,-4691.94,-5992.82,-3391.07
1150.0,-4701.94,-6002.82,-3401.07
1200.0,-4711.94,-6012.82,-3411.07
1250.0,-4721.94,-6022.82,-3421.07
1300.0,-4731.94,-6032.82,-3431.07
1350.0,-4741.94,-6042.82,-3441.07
1400.0,-4751.94,-6052.82,-3451.07
1450.0,-4761.94,-6062.82,-3461.07
1500.0,-4771.94,-6072.82,-3471.07
1550.0,-4781.94,-6082.82,-3481.07
1600.0,-4791.94,-6092.82,-3491.07
1650.0,-4801.94,-6102.82,-3501.07
1700.0,-4814.49,-6116.72,-3512.27
1750.0,-4824.49,-6126.72,-3522.27
1800.0,-4834.49,-6136.72,-3532.27
1850.0,-4844.49,-6146.72,-3542.27
1900.0,-4854.49,-6156.72,-3552.27
1950.0,-4864.49,-6166.72,-3562.27
2000.0,-4871.91,-6175.78,-3568.05
2050.0,-4879.33,-6180.75,-3577.91
2100.0,-4884.18,-6188.28,-3580.07
2150.0,-4886.44,-6187.80,-3585.08
2200.0,-4888.70,-6191.07,-3586.33
2250.0,-4883.23,-6180.95,-3585.50
2300.0,-4880.33,-6174.22,-3586.44
2350.0,-4874.86,-6164.57,-3585.14
2400.0,-4869.38,-6154.45,-3584.32
2450.0,-4856.17,-6140.06,-3572.28
2500.0,-4845.54,-6126.30,-3564.78
2550.0,-4834.91,-6115.45,-3554.36
2600.0,-4821.69,-6102.23,-3541.15
2650.0,-4805.90,-6085.52,-3526.28
2700.0,-4790.11,-6068.84,-3511.39
2750.0,-4771.74,-6050.47,-3493.02
2800.0,-4753.37,-6032.10,-3474.65
2850.0,-4735.00,-6013.73,-3456.28
2900.0,-4716.63,-5995.36,-3437.91
2950.0,-4698.26,-5976.99,-3419.54
3000.0,-4679.89,-5958.62,-3401.17
3050.0,-4661.52,-5940.25,-3382.80
3100.0,-4643.15,-5921.88,-3364.43
3150.0,-4624.78,-5903.51,-3346.06
3200.0,-4606.41,-5885.14,-3327.69
3250.0,-4588.04,-5866.77,-3309.32
3300.0,-4569.67,-5848.40,-3290.95
3350.0,-4551.30,-5830.03,-3272.58
3400.0,-4532.93,-5811.66,-3254.21
3450.0,-4514.56,-5793.29,-3235.84
3500.0,-4496.19,-5774.92,-3217.47
3550.0,-4477.82,-5756.55,-3199.10
3600.0,-4459.45,-5738.18,-3180.73
3650.0,-4441.08,-5719.81,-3162.36
3700.0,-4422.71,-5701.44,-3143.99
3750.0,-4404.34,-5683.07,-3125.62
3800.0,-4385.97,-5664.70,-3107.25
3850.0,-4367.60,-5646.33,-3088.88
3900.0,-4349.23,-5627.96,-3070.51
3950.0,-4330.86,-5609.59,-3052.14
4000.0,-4312.49,-5591.22,-3033.77
4050.0,-4294.12,-5572.85,-3015.40
4100.0,-4275.75,-5554.48,-2997.03
4150.0,-4257.38,-5536.11,-2978.66
4200.0,-4239.01,-5517.74,-2960.29
4250.0,-4220.64,-5499.37,-2941.92
4300.0,-4202.27,-5481.00,-2923.55
4350.0,-4183.90,-5462.63,-2905.18
4400.0,-4165.53,-5444.26,-2886.81
4450.0,-4147.16,-5425.89,-2868.44
4500.0,-4128.79,-5407.52,-2850.07
4550.0,-4110.42,-5389.15,-2831.70
4600.0,-4092.05,-5370.78,-2813.33
4650.0,-4073.68,-5352.41,-2794.96
4700.0,-4055.31,-5334.04,-2776.59
4750.0,-4036.94,-5315.67,-2758.22
4800.0,-4018.57,-5297.30,-2739.85
4850.0,-4000.20,-5278.93,-2721.48
4900.0,-3981.83,-5260.56,-2703.11
4950.0,-3963.46,-5242.19,-2684.74
5000.0,-3945.09,-5223.82,-2666.37
5050.0,-3926.72,-5205.45,-2648.00
5100.0,-3908.35,-5187.08,-2629.63
5150.0,-3889.98,-5168.71,-2611.26
5200.0,-3871.61,-5150.34,-2592.89
5250.0,-3853.24,-5131.97,-2574.52
5300.0,-3834.87,-5113.60,-2556.15
5350.0,-3816.50,-5095.23,-2537.78
5400.0,-3798.13,-5076.86,-2519.41
5450.0,-3779.76,-5058.49,-2501.04
5500.0,-3761.39,-5040.12,-2482.67
5550.0,-3743.02,-5021.75,-2464.30
5600.0,-3724.65,-5003.38,-2445.93
5650.0,-3706.28,-4985.01,-2427.56
5700.0,-3687.91,-4966.64,-2409.19
5750.0,-3669.54,-4948.27,-2390.82
5800.0,-3651.17,-4929.90,-2372.45
5850.0,-3632.80,-4911.53,-2354.08
5900.0,-3614.43,-4893.16,-2335.71
5950.0,-3596.06,-4874.79,-2317.34
6000.0,-3577.69,-4856.42,-2298.97
6050.0,-3559.32,-4838.05,-2280.60
6100.0,-3540.95,-4819.68,-2262.23
6150.0,-3522.58,-4801.31,-2243.86
6200.0,-3504.21,-4782.94,-2225.49
6250.0,-3485.84,-4764.57,-2207.12
6300.0,-3467.47,-4746.20,-2188.75
6350.0,-3449.10,-4727.83,-2170.38
6400.0,-3430.73,-4709.46,-2152.01
6450.0,-3412.36,-4691.09,-2133.64
6500.0,-3393.99,-4672.72,-2115.27
6550.0,-3375.62,-4654.35,-2096.90
6600.0,-3357.25,-4635.98,-2078.53
6650.0,-3338.88,-4617.61,-2060.16
6700.0,-3320.51,-4599.24,-2041.79
6750.0,-3302.14,-4580.87,-2023.42
6800.0,-3283.77,-4562.50,-2005.05
6850.0,-3265.40,-4544.13,-1986.68
6900.0,-3247.03,-4525.76,-1968.31
6950.0,-3228.66,-4507.39,-1949.94
7000.0,-3210.29,-4489.02,-1931.57
7050.0,-3191.92,-4470.65,-1913.20
7100.0,-3173.55,-4452.28,-1894.83
7150.0,-3155.18,-4433.91,-1876.46
7200.0,-3136.81,-4415.54,-1858.09
7250.0,-3118.44,-4397.17,-1839.72
7300.0,-3100.07,-4378.80,-1821.35
7350.0,-3081.70,-4360.43,-1802.98
7400.0,-3063.33,-4342.06,-1784.61
7450.0,-3044.96,-4323.69,-1766.24
7500.0,-3026.59,-4305.32,-1747.87
7550.0,-3008.22,-4286.95,-1729.50
7600.0,-2989.85,-4268.58,-1711.13
7650.0,-2971.48,-4250.21,-1692.76
7700.0,-2953.11,-4231.84,-1674.39
7750.0,-2934.74,-4213.47,-1656.02
7800.0,-2916.37,-4195.10,-1637.65
7850.0,-2898.00,-4176.73,-1619.28
7900.0,-2879.63,-4158.36,-1600.91
