step,mean,ci_down,ci_up
800.0,-43.64,-52.64,-34.63
850.0,-74.61,-85.76,-63.47
900.0,-98.87,-110.92,-86.81
950.0,-122.73,-136.06,-109.40
1000.0,-146.24,-160.64,-131.84
1050.0,-166.82,-181.99,-151.65
1100.0,-187.98,-204.08,-171.88
1150.0,-207.65,-224.61,-190.69
1200.0,-225.85,-243.30,-208.41
1250.0,-241.37,-259.15,-223.58
1300.0,-253.11,-270.96,-235.25
1350.0,-264.56,-282.51,-246.61
1400.0,-275.34,-293.38,-257.30
1450.0,-287.03,-305.12,-268.93
1500.0,-298.52,-316.66,-280.39
1550.0,-309.45,-327.61,-291.29
1600.0,-320.80,-338.99,-302.61
1650.0,-331.34,-349.53,-313.16
1700.0,-341.53,-359.74,-323.32
1750.0,-352.11,-370.35,-333.87
1800.0,-362.68,-380.98,-344.39
1850.0,-373.36,-391.77,-354.95
1900.0,-382.78,-401.25,-364.31
1950.0,-391.18,-409.66,-372.70
2000.0,-398.23,-416.75,-379.71
2050.0,-404.83,-423.42,-386.24
2100.0,-410.25,-428.87,-391.63
2150.0,-415.43,-434.15,-396.71
2200.0,-418.72,-437.52,-399.92
2250.0,-420.77,-439.64,-401.90
2300.0,-421.37,-440.31,-402.42
2350.0,-420.02,-439.06,-400.98
2400.0,-416.94,-436.10,-397.79
2450.0,-412.28,-431.58,-392.98
2500.0,-405.43,-424.86,-386.00
2550.0,-397.32,-416.89,-377.75
2600.0,-387.29,-407.00,-367.59
2650.0,-375.99,-395.82,-356.15
2700.0,-363.64,-383.60,-343.69
2750.0,-350.00,-370.07,-329.94
2800.0,-335.47,-355.64,-315.30
2850.0,-320.29,-340.55,-300.02
2900.0,-304.13,-324.48,-283.79
2950.0,-287.34,-307.74,-266.94
3000.0,-270.30,-290.76,-249.84
3050.0,-252.63,-273.12,-232.14
3100.0,-234.76,-255.29,-214.23
3150.0,-216.82,-237.37,-196.26
3200.0,-198.68,-219.25,-178.11
3250.0,-180.40,-200.98,-159.82
3300.0,-162.13,-182.72,-141.55
3350.0,-143.82,-164.41,-123.23
3400.0,-125.49,-146.09,-104.90
3450.0,-107.14,-127.73,-86.55
3500.0,-88.81,-109.41,-68.22
3550.0,-70.47,-91.07,-49.88
3600.0,-52.13,-72.73,-31.53
3650.0,-33.79,-54.39,-13.19
3700.0,-15.45,-36.05,5.15
3750.0,2.88,-17.72,23.47
3800.0,21.22,0.62,41.82
3850.0,39.54,18.95,60.14
3900.0,57.84,37.24,78.44
3950.0,76.14,55.54,96.73
4000.0,94.43,73.84,115.03
4050.0,112.73,92.13,133.33
4100.0,131.03,110.43,151.62
4150.0,149.32,128.73,169.92
4200.0,167.62,147.03,188.22
4250.0,185.93,165.34,206.53
4300.0,204.23,183.63,224.82
4350.0,222.53,201.93,243.12
4400.0,240.84,220.24,261.43
4450.0,259.16,238.56,279.76
4500.0,277.49,256.89,298.09
4550.0,295.81,275.22,316.41
4600.0,314.14,293.54,334.74
4650.0,332.48,311.88,353.08
4700.0,350.82,330.22,371.42
4750.0,369.16,348.56,389.76
4800.0,387.50,366.91,408.10
4850.0,405.84,385.25,426.44
4900.0,424.19,403.59,444.78
4950.0,442.53,421.93,463.12
5000.0,460.87,440.27,481.47
5050.0,479.19,458.59,499.79
5100.0,497.52,476.92,518.12
5150.0,515.84,495.24,536.45
5200.0,534.17,513.57,554.77
5250.0,552.48,531.88,573.08
5300.0,570.81,550.21,591.41
5350.0,589.15,568.55,609.75
5400.0,607.48,586.87,628.08
5450.0,625.82,605.21,646.42
5500.0,644.16,623.55,664.76
5550.0,662.50,641.89,683.10
5600.0,680.84,660.23,701.45
5650.0,699.18,678.57,719.79
5700.0,717.52,696.91,738.13
5750.0,735.86,715.25,756.47
5800.0,754.20,733.59,774.81
5850.0,772.54,751.93,793.16
5900.0,790.88,770.27,811.50
5950.0,809.22,788.61,829.84
6000.0,827.56,806.95,848.18
6050.0,845.90,825.28,866.52
6100.0,864.26,843.64,884.88
6150.0,882.60,861.98,903.22
6200.0,900.96,880.33,921.58
6250.0,919.31,898.69,939.93
6300.0,937.67,917.04,958.29
6350.0,956.02,935.40,976.64
6400.0,974.38,953.76,995.00
6450.0,992.73,972.11,1013.35
6500.0,1011.09,990.47,1031.71
6550.0,1029.44,1008.82,1050.07
6600.0,1047.80,1027.18,1068.42
6650.0,1066.15,1045.53,1086.78
6700.0,1084.51,1063.89,1105.13
6750.0,1102.86,1082.24,1123.49
6800.0,1121.22,1100.60,1141.84
6850.0,1139.58,1118.95,1160.20
6900.0,1157.93,1137.31,1178.55
6950.0,1176.29,1155.66,1196.91
7000.0,1194.64,1174.02,1215.27
7050.0,1213.00,1192.37,1233.62
7100.0,1231.35,1210.73,1251.98
7150.0,1249.71,1229.08,1270.33
7200.0,1268.06,1247.44,1288.69
7250.0,1286.42,1265.79,1307.05
7300.0,1304.77,1284.14,1325.40
7350.0,1323.13,1302.50,1343.76
7400.0,1341.50,1320.87,1362.13
7450.0,1359.87,1339.24,1380.50
7500.0,1378.24,1357.61,1398.87
7550.0,1396.61,1375.98,1417.24
7600.0,1414.98,1394.35,1435.61
7650.0,1433.35,1412.72,1453.98
7700.0,1451.72,1431.09,1472.35
7750.0,1470.09,1449.46,1490.72
7800.0,1488.46,1467.83,1509.09
7850.0,1506.83,1486.20,1527.46
7900.0,1525.20,1504.57,1545.83
7950.0,1543.57,1522.94,1564.20
8000.0,1561.94,1541.31,1582.57
