step,mean,ci_down,ci_up
800.0,195.70,194.24,197.16
850.0,393.15,391.20,395.09
900.0,591.94,589.75,594.14
950.0,790.93,788.52,793.33
1000.0,990.42,987.83,993.01
1050.0,1189.95,1187.22,1192.69
1100.0,1389.44,1386.57,1392.30
1150.0,1589.40,1586.41,1592.39
1200.0,1789.18,1786.04,1792.31
1250.0,1989.72,1986.49,1992.95
1300.0,2191.00,2187.75,2194.25
1350.0,2392.18,2388.87,2395.49
1400.0,2593.49,2590.11,2596.88
1450.0,2794.44,2790.99,2797.90
1500.0,2995.52,2992.01,2999.02
1550.0,3196.05,3192.43,3199.67
1600.0,3396.12,3392.31,3399.92
1650.0,3595.08,3591.01,3599.14
1700.0,3794.17,3789.81,3798.52
1750.0,3991.21,3986.44,3995.99
1800.0,4186.63,4181.25,4192.01
1850.0,4381.16,4375.06,4387.26
1900.0,4572.01,4564.96,4579.06
1950.0,4759.71,4751.53,4767.89
2000.0,4941.23,4931.71,4950.74
2050.0,5118.41,5107.30,5129.52
2100.0,5290.12,5277.19,5303.04
2150.0,5457.29,5442.45,5472.12
2200.0,5615.14,5598.23,5632.05
2250.0,5766.12,5746.97,5785.27
2300.0,5907.62,5886.10,5929.13
2350.0,6036.80,6012.87,6060.73
2400.0,6153.20,6126.81,6179.59
2450.0,6259.46,6230.61,6288.31
2500.0,6353.31,6322.05,6384.58
2550.0,6439.09,6405.43,6472.74
2600.0,6512.56,6476.70,6548.42
2650.0,6577.85,6539.96,6615.73
2700.0,6636.47,6596.67,6676.27
2750.0,6686.73,6645.32,6728.13
2800.0,6730.90,6688.12,6773.68
2850.0,6770.64,6726.64,6814.64
2900.0,6804.82,6759.87,6849.78
2950.0,6834.78,6789.11,6880.45
3000.0,6863.15,6816.83,6909.47
3050.0,6887.66,6840.94,6934.37
3100.0,6910.85,6863.83,6957.87
3150.0,6933.58,6886.29,6980.86
3200.0,6955.08,6907.63,7002.53
3250.0,6975.64,6928.13,7023.16
3300.0,6996.30,6948.70,7043.90
3350.0,7016.68,6969.03,7064.32
3400.0,7036.96,6989.29,7084.63
3450.0,7057.05,7009.39,7104.72
3500.0,7077.34,7029.64,7125.03
3550.0,7097.52,7049.82,7145.23
3600.0,7117.71,7069.99,7165.43
3650.0,7137.90,7090.16,7185.63
3700.0,7158.09,7110.34,7205.83
3750.0,7178.37,7130.62,7226.12
3800.0,7198.56,7150.80,7246.32
3850.0,7218.84,7171.07,7266.61
3900.0,7239.31,7191.53,7287.08
3950.0,7259.78,7212.00,7307.56
4000.0,7280.25,7232.46,7328.04
4050.0,7300.72,7252.91,7348.52
4100.0,7321.19,7273.36,7369.01
4150.0,7341.66,7293.81,7389.50
4200.0,7362.13,7314.25,7410.00
4250.0,7382.50,7334.61,7430.39
4300.0,7402.97,7355.05,7450.89
4350.0,7423.44,7375.48,7471.40
4400.0,7443.82,7395.83,7491.80
4450.0,7464.10,7416.09,7512.11
4500.0,7484.38,7436.35,7532.41
4550.0,7504.66,7456.60,7552.72
4600.0,7524.95,7476.87,7573.02
4650.0,7545.13,7497.06,7593.21
4700.0,7565.32,7517.24,7613.40
4750.0,7585.51,7537.42,7633.59
4800.0,7605.70,7557.61,7653.79
4850.0,7625.89,7577.78,7673.99
4900.0,7646.07,7597.96,7694.18
4950.0,7666.26,7618.14,7714.38
5000.0,7686.45,7638.31,7734.59
5050.0,7706.73,7658.58,7754.89
5100.0,7727.01,7678.84,7775.19
5150.0,7747.29,7699.09,7795.49
5200.0,7767.58,7719.35,7815.80
5250.0,7787.95,7739.69,7836.21
5300.0,7808.23,7759.95,7856.52
5350.0,7828.42,7780.12,7876.73
5400.0,7848.70,7800.37,7897.04
5450.0,7868.89,7820.54,7917.25
5500.0,7889.08,7840.70,7937.46
5550.0,7909.27,7860.87,7957.67
5600.0,7929.46,7881.03,7977.88
5650.0,7949.64,7901.19,7998.09
5700.0,7969.83,7921.35,8018.31
5750.0,7990.02,7941.51,8038.53
5800.0,8010.21,7961.67,8058.74
5850.0,8030.40,7981.83,8078.96
5900.0,8050.58,8001.98,8099.18
5950.0,8070.77,8022.14,8119.40
6000.0,8090.96,8042.29,8139.63
6050.0,8111.15,8062.44,8159.85
6100.0,8131.24,8082.52,8179.97
6150.0,8151.43,8102.69,8200.17
6200.0,8171.52,8122.78,8220.26
6250.0,8191.62,8142.88,8240.35
6300.0,8211.71,8162.98,8260.44
6350.0,8231.80,8183.07,8280.54
6400.0,8251.90,8203.17,8300.63
6450.0,8271.99,8223.26,8320.72
6500.0,8292.09,8243.35,8340.82
6550.0,8312.18,8263.45,8360.91
6600.0,8332.27,8283.54,8381.01
6650.0,8352.37,8303.63,8401.11
6700.0,8372.46,8323.72,8421.20
6750.0,8392.56,8343.81,8441.30
6800.0,8412.65,8363.90,8461.40
6850.0,8432.74,8383.99,8481.50
6900.0,8452.84,8404.07,8501.60
6950.0,8472.93,8424.16,8521.70
7000.0,8493.03,8444.25,8541.80
7050.0,8513.12,8464.33,8561.91
7100.0,8533.21,8484.42,8582.01
7150.0,8553.31,8504.50,8602.11
7200.0,8573.40,8524.59,8622.22
7250.0,8593.50,8544.67,8642.32
7300.0,8613.59,8564.75,8662.43
7350.0,8633.68,8584.83,8682.54
7400.0,8653.68,8604.83,8702.54
7450.0,8673.68,8624.83,8722.54
7500.0,8693.68,8644.83,8742.54
7550.0,8713.68,8664.83,8762.54
7600.0,8733.68,8684.83,8782.54
7650.0,8753.68,8704.83,8802.54
7700.0,8773.68,8724.83,8822.54
7750.0,8793.68,8744.83,8842.54
7800.0,8813.68,8764.83,8862.54
7850.0,8833.68,8784.83,8882.54
7900.0,8853.68,8804.83,8902.54
7950.0,8873.68,8824.83,8922.54
8000.0,8893.68,8844.83,8942.54
