step,mean,ci_down,ci_up
0.0,77.50,37.86,117.14
50.0,238.05,205.29,270.80
100.0,370.91,305.78,436.04
150.0,540.82,473.72,607.92
200.0,710.41,623.41,797.41
250.0,895.95,813.10,978.81
300.0,1097.95,1015.10,1180.81
350.0,1283.68,1182.61,1384.75
400.0,1471.95,1375.95,1567.96
450.0,1656.50,1548.12,1764.88
500.0,1858.50,1750.12,1966.88
550.0,2060.50,1952.12,2168.88
600.0,2245.77,2133.63,2357.92
650.0,2439.64,2330.55,2548.72
700.0,2641.64,2532.55,2750.72
750.0,2843.64,2734.55,2952.72
800.0,3045.64,2936.55,3154.72
850.0,3233.59,3124.33,3342.85
900.0,3435.59,3326.33,3544.85
950.0,3637.59,3528.33,3746.85
1000.0,3839.59,3730.33,3948.85
1050.0,4041.59,3932.33,4150.85
1100.0,4243.59,4134.33,4352.85
1150.0,4445.59,4336.33,4554.85
1200.0,4647.59,4538.33,4756.85
1250.0,4849.59,4740.33,4958.85
1300.0,5051.59,4942.33,5160.85
1350.0,5253.59,5144.33,5362.85
1400.0,5455.59,5346.33,5564.85
1450.0,5657.59,5548.33,5766.85
1500.0,5859.59,5750.33,5968.85
1550.0,6061.59,5952.33,6170.85
1600.0,6263.59,6154.33,6372.85
1650.0,6465.59,6356.33,6574.85
1700.0,6660.14,6548.12,6772.15
1750.0,6862.14,6750.12,6974.15
1800.0,7064.14,6952.12,7176.15
1850.0,7266.14,7154.12,7378.15
1900.0,7468.14,7356.12,7580.15
1950.0,7670.14,7558.12,7782.15
2000.0,7855.59,7734.61,7976.57
2050.0,8041.05,7903.40,8178.69
2100.0,8209.95,8052.15,8367.76
2150.0,8362.32,8163.94,8560.69
2200.0,8514.68,8295.84,8733.52
2250.0,8617.41,8360.43,8874.39
2300.0,8736.68,8441.41,9031.95
2350.0,8839.41,8512.86,9165.96
2400.0,8942.14,8574.09,9310.18
2450.0,8995.23,8610.96,9379.49
2500.0,9064.86,8654.21,9475.51
2550.0,9134.50,8697.30,9571.70
2600.0,9187.59,8731.46,9643.72
2650.0,9224.14,8755.56,9692.71
2700.0,9260.68,8777.76,9743.60
2750.0,9280.68,8797.76,9763.60
2800.0,9300.68,8817.76,9783.60
2850.0,9320.68,8837.76,9803.60
2900.0,9340.68,8857.76,9823.60
2950.0,9360.68,8877.76,9843.60
3000.0,9380.68,8897.76,9863.60
3050.0,9400.68,8917.76,9883.60
3100.0,9420.68,8937.76,9903.60
3150.0,9440.68,8957.76,9923.60
3200.0,9460.68,8977.76,9943.60
3250.0,9480.68,8997.76,9963.60
3300.0,9500.68,9017.76,9983.60
3350.0,9520.68,9037.76,10003.60
3400.0,9540.68,9057.76,10023.60
3450.0,9560.68,9077.76,10043.60
3500.0,9580.68,9097.76,10063.60
3550.0,9600.68,9117.76,10083.60
3600.0,9620.68,9137.76,10103.60
3650.0,9640.68,9157.76,10123.60
3700.0,9660.68,9177.76,10143.60
3750.0,9680.68,9197.76,10163.60
3800.0,9700.68,9217.76,10183.60
3850.0,9720.68,9237.76,10203.60
3900.0,9740.68,9257.76,10223.60
3950.0,9760.68,9277.76,10243.60
4000.0,9780.68,9297.76,10263.60
4050.0,9800.68,9317.76,10283.60
4100.0,9820.68,9337.76,10303.60
4150.0,9840.68,9357.76,10323.60
4200.0,9860.68,9377.76,10343.60
4250.0,9880.68,9397.76,10363.60
4300.0,9900.68,9417.76,10383.60
4350.0,9920.68,9437.76,10403.60
4400.0,9940.68,9457.76,10423.60
4450.0,9960.68,9477.76,10443.60
4500.0,9980.68,9497.76,10463.60
4550.0,10000.68,9517.76,10483.60
4600.0,10020.68,9537.76,10503.60
4650.0,10040.68,9557.76,10523.60
4700.0,10060.68,9577.76,10543.60
4750.0,10080.68,9597.76,10563.60
4800.0,10100.68,9617.76,10583.60
4850.0,10120.68,9637.76,10603.60
4900.0,10140.68,9657.76,10623.60
4950.0,10160.68,9677.76,10643.60
5000.0,10180.68,9697.76,10663.60
5050.0,10200.68,9717.76,10683.60
5100.0,10220.68,9737.76,10703.60
5150.0,10240.68,9757.76,10723.60
5200.0,10260.68,9777.76,10743.60
5250.0,10280.68,9797.76,10763.60
5300.0,10300.68,9817.76,10783.60
5350.0,10320.68,9837.76,10803.60
5400.0,10340.68,9857.76,10823.60
5450.0,10360.68,9877.76,10843.60
5500.0,10380.68,9897.76,10863.60
5550.0,10400.68,9917.76,10883.60
5600.0,10420.68,9937.76,10903.60
5650.0,10440.68,9957.76,10923.60
5700.0,10460.68,9977.76,10943.60
5750.0,10480.68,9997.76,10963.60
5800.0,10500.68,10017.76,10983.60
5850.0,10520.68,10037.76,11003.60
5900.0,10540.68,10057.76,11023.60
5950.0,10560.68,10077.76,11043.60
6000.0,10580.68,10097.76,11063.60
6050.0,10600.68,10117.76,11083.60
6100.0,10620.68,10137.76,11103.60
6150.0,10640.68,10157.76,11123.60
6200.0,10660.68,10177.76,11143.60
6250.0,10680.68,10197.76,11163.60
6300.0,10700.68,10217.76,11183.60
6350.0,10720.68,10237.76,11203.60
6400.0,10740.68,10257.76,11223.60
6450.0,10760.68,10277.76,11243.60
6500.0,10780.68,10297.76,11263.60
6550.0,10800.68,10317.76,11283.60
6600.0,10820.68,10337.76,11303.60
6650.0,10840.68,10357.76,11323.60
6700.0,10860.68,10377.76,11343.60
6750.0,10880.68,10397.76,11363.60
6800.0,10900.68,10417.76,11383.60
6850.0,10920.68,10437.76,11403.60
6900.0,10940.68,10457.76,11423.60
6950.0,10960.68,10477.76,11443.60
7000.0,10980.68,10497.76,11463.60
7050.0,11000.68,10517.76,11483.60
7100.0,11020.68,10537.76,11503.60
7150.0,11040.68,10557.76,11523.60
7200.0,11060.68,10577.76,11543.60
7250.0,11080.68,10597.76,11563.60
7300.0,11100.68,10617.76,11583.60
7350.0,11120.68,10637.76,11603.60
7400.0,11140.68,10657.76,11623.60
7450.0,11160.68,10677.76,11643.60
7500.0,11180.68,10697.76,11663.60
7550.0,11200.68,10717.76,11683.60
7600.0,11220.68,10737.76,11703.60
7650.0,11240.68,10757.76,11723.60
7700.0,11260.68,10777.76,11743.60
7750.0,11280.68,10797.76,11763.60
7800.0,11300.68,10817.76,11783.60
7850.0,11320.68,10837.76,11803.60
7900.0,11340.68,10857.76,11823.60
