step,mean,ci_down,ci_up
0.0,147.48,142.04,152.92
50.0,174.58,170.96,178.19
100.0,187.84,185.21,190.47
150.0,191.73,189.46,194.00
200.0,191.51,189.27,193.75
250.0,189.96,187.67,192.24
300.0,190.88,188.79,192.97
350.0,189.38,187.25,191.52
400.0,190.57,188.60,192.54
450.0,192.99,191.26,194.72
500.0,194.86,193.33,196.39
550.0,195.70,194.24,197.16
600.0,197.50,196.26,198.74
650.0,198.76,197.72,199.81
700.0,199.05,198.05,200.05
750.0,199.55,198.63,200.47
800.0,199.52,198.60,200.43
850.0,199.55,198.63,200.47
900.0,200.02,199.20,200.84
950.0,199.85,198.99,200.70
1000.0,200.50,199.79,201.20
1050.0,201.30,200.83,201.78
1100.0,201.21,200.69,201.73
1150.0,201.33,200.85,201.81
1200.0,200.98,200.40,201.57
1250.0,201.10,200.56,201.65
1300.0,200.58,199.88,201.28
1350.0,200.13,199.34,200.92
1400.0,199.03,198.03,200.03
1450.0,199.09,198.09,200.09
1500.0,197.11,195.83,198.40
1550.0,195.53,194.06,197.00
1600.0,194.67,193.11,196.24
1650.0,190.93,189.01,192.85
1700.0,187.69,185.53,189.85
1750.0,181.35,178.80,183.90
1800.0,177.15,174.39,179.91
1850.0,171.66,168.66,174.65
1900.0,167.09,163.92,170.25
1950.0,157.69,154.24,161.14
2000.0,151.32,147.71,154.92
2050.0,141.58,137.79,145.37
2100.0,129.66,125.72,133.59
2150.0,116.92,112.90,120.93
2200.0,106.00,101.98,110.01
2250.0,94.08,90.13,98.03
2300.0,86.07,82.20,89.94
2350.0,73.69,70.03,77.36
2400.0,65.41,61.93,68.89
2450.0,58.77,55.48,62.06
2500.0,50.13,47.14,53.11
2550.0,44.23,41.50,46.96
2600.0,39.48,36.99,41.96
2650.0,34.01,31.87,36.16
2700.0,29.83,28.01,31.65
2750.0,28.46,26.77,30.16
2800.0,24.55,23.29,25.81
2850.0,23.28,22.21,24.35
2900.0,22.73,21.75,23.71
2950.0,21.55,20.81,22.29
3000.0,20.64,20.16,21.11
3050.0,20.73,20.22,21.24
3100.0,20.45,20.05,20.86
3150.0,20.36,20.00,20.72
3200.0,20.18,19.93,20.44
3250.0,20.36,20.00,20.72
3300.0,20.27,19.96,20.58
3350.0,20.27,19.96,20.58
3400.0,20.18,19.93,20.44
3450.0,20.18,19.93,20.44
3500.0,20.27,19.96,20.58
3550.0,20.18,19.93,20.44
3600.0,20.27,19.96,20.58
3650.0,20.45,20.05,20.86
3700.0,20.45,20.05,20.86
3750.0,20.45,20.05,20.86
3800.0,20.45,20.05,20.86
3850.0,20.45,20.05,20.86
3900.0,20.45,20.05,20.86
3950.0,20.45,20.05,20.86
4000.0,20.36,20.00,20.72
4050.0,20.45,20.05,20.86
4100.0,20.45,20.05,20.86
4150.0,20.36,20.00,20.72
4200.0,20.27,19.96,20.58
4250.0,20.27,19.96,20.58
4300.0,20.27,19.96,20.58
4350.0,20.27,19.96,20.58
4400.0,20.18,19.93,20.44
4450.0,20.18,19.93,20.44
4500.0,20.18,19.93,20.44
4550.0,20.18,19.93,20.44
4600.0,20.18,19.93,20.44
4650.0,20.18,19.93,20.44
4700.0,20.18,19.93,20.44
4750.0,20.18,19.93,20.44
4800.0,20.27,19.96,20.58
4850.0,20.27,19.96,20.58
4900.0,20.27,19.96,20.58
4950.0,20.27,19.96,20.58
5000.0,20.36,20.00,20.72
5050.0,20.27,19.96,20.58
5100.0,20.18,19.93,20.44
5150.0,20.27,19.96,20.58
5200.0,20.18,19.93,20.44
5250.0,20.18,19.93,20.44
5300.0,20.18,19.93,20.44
5350.0,20.18,19.93,20.44
5400.0,20.18,19.93,20.44
5450.0,20.18,19.93,20.44
5500.0,20.18,19.93,20.44
5550.0,20.18,19.93,20.44
5600.0,20.18,19.93,20.44
5650.0,20.18,19.93,20.44
5700.0,20.18,19.93,20.44
5750.0,20.18,19.93,20.44
5800.0,20.18,19.93,20.44
5850.0,20.09,19.91,20.27
5900.0,20.18,19.93,20.44
5950.0,20.09,19.91,20.27
6000.0,20.09,19.91,20.27
6050.0,20.09,19.91,20.27
6100.0,20.09,19.91,20.27
6150.0,20.09,19.91,20.27
6200.0,20.09,19.91,20.27
6250.0,20.09,19.91,20.27
6300.0,20.09,19.91,20.27
6350.0,20.09,19.91,20.27
6400.0,20.09,19.91,20.27
6450.0,20.09,19.91,20.27
6500.0,20.09,19.91,20.27
6550.0,20.09,19.91,20.27
6600.0,20.09,19.91,20.27
6650.0,20.09,19.91,20.27
6700.0,20.09,19.91,20.27
6750.0,20.09,19.91,20.27
6800.0,20.09,19.91,20.27
6850.0,20.09,19.91,20.27
6900.0,20.09,19.91,20.27
6950.0,20.09,19.91,20.27
7000.0,20.09,19.91,20.27
7050.0,20.09,19.91,20.27
7100.0,20.09,19.91,20.27
7150.0,20.00,20.00,20.00
7200.0,20.00,20.00,20.00
7250.0,20.00,20.00,20.00
7300.0,20.00,20.00,20.00
7350.0,20.00,20.00,20.00
7400.0,20.00,20.00,20.00
7450.0,20.00,20.00,20.00
7500.0,20.00,20.00,20.00
7550.0,20.00,20.00,20.00
7600.0,20.00,20.00,20.00
7650.0,20.00,20.00,20.00
7700.0,20.00,20.00,20.00
7750.0,20.00,20.00,20.00
