step,mean,ci_down,ci_up
0.0,-676.03,-756.09,-595.96
50.0,-277.34,-319.31,-235.38
100.0,-128.29,-154.81,-101.77
150.0,-73.77,-91.82,-55.73
200.0,-83.00,-102.75,-63.25
250.0,-106.74,-128.39,-85.08
300.0,-110.94,-134.15,-87.73
350.0,-127.15,-150.90,-103.40
400.0,-96.97,-114.93,-79.02
450.0,-72.21,-86.76,-57.67
500.0,-53.30,-65.26,-41.34
550.0,-43.64,-52.64,-34.63
600.0,-30.76,-37.08,-24.45
650.0,-25.06,-30.27,-19.85
700.0,-23.57,-29.31,-17.83
750.0,-23.19,-28.36,-18.01
800.0,-20.96,-26.00,-15.93
850.0,-20.87,-26.36,-15.38
900.0,-19.40,-24.79,-14.02
950.0,-17.96,-22.01,-13.90
1000.0,-15.35,-18.92,-11.78
1050.0,-11.69,-12.89,-10.48
1100.0,-11.41,-12.96,-9.86
1150.0,-10.75,-11.65,-9.86
1200.0,-11.63,-13.19,-10.07
1250.0,-11.45,-12.68,-10.22
1300.0,-10.90,-12.00,-9.79
1350.0,-11.30,-12.26,-10.34
1400.0,-10.54,-11.23,-9.84
1450.0,-10.16,-10.73,-9.60
1500.0,-10.55,-11.39,-9.70
1550.0,-10.54,-11.55,-9.54
1600.0,-10.64,-11.81,-9.47
1650.0,-9.39,-10.21,-8.58
1700.0,-8.39,-9.00,-7.79
1750.0,-7.01,-7.49,-6.53
1800.0,-6.77,-7.59,-5.94
1850.0,-5.41,-5.90,-4.91
1900.0,-5.15,-5.90,-4.40
1950.0,-3.26,-3.86,-2.66
2000.0,-2.11,-2.67,-1.54
2050.0,-0.61,-1.20,-0.02
2100.0,1.27,0.66,1.88
2150.0,3.01,2.23,3.79
2200.0,4.71,3.93,5.49
2250.0,6.82,6.20,7.43
2300.0,8.06,7.46,8.67
2350.0,9.99,9.42,10.56
2400.0,11.29,10.75,11.83
2450.0,12.32,11.81,12.83
2500.0,13.66,13.20,14.13
2550.0,14.53,14.08,14.97
2600.0,15.23,14.79,15.67
2650.0,16.18,15.85,16.52
2700.0,16.81,16.52,17.10
2750.0,17.03,16.76,17.30
2800.0,17.66,17.47,17.86
2850.0,17.86,17.69,18.03
2900.0,17.94,17.79,18.10
2950.0,18.13,18.01,18.24
3000.0,18.27,18.20,18.34
3050.0,18.26,18.18,18.34
3100.0,18.30,18.24,18.36
3150.0,18.31,18.26,18.37
3200.0,18.34,18.30,18.38
3250.0,18.31,18.26,18.37
3300.0,18.33,18.28,18.38
3350.0,18.33,18.28,18.38
3400.0,18.34,18.30,18.38
3450.0,18.34,18.30,18.38
3500.0,18.33,18.28,18.38
3550.0,18.34,18.30,18.38
3600.0,18.33,18.28,18.38
3650.0,18.30,18.24,18.36
3700.0,18.30,18.24,18.36
3750.0,18.30,18.24,18.36
3800.0,18.30,18.24,18.36
3850.0,18.30,18.24,18.36
3900.0,18.30,18.24,18.36
3950.0,18.30,18.24,18.36
4000.0,18.31,18.26,18.37
4050.0,18.30,18.24,18.36
4100.0,18.30,18.24,18.36
4150.0,18.31,18.26,18.37
4200.0,18.33,18.28,18.38
4250.0,18.33,18.28,18.38
4300.0,18.33,18.28,18.38
4350.0,18.33,18.28,18.38
4400.0,18.34,18.30,18.38
4450.0,18.34,18.30,18.38
4500.0,18.34,18.30,18.38
4550.0,18.34,18.30,18.38
4600.0,18.34,18.30,18.38
4650.0,18.34,18.30,18.38
4700.0,18.34,18.30,18.38
4750.0,18.34,18.30,18.38
4800.0,18.33,18.28,18.38
4850.0,18.33,18.28,18.38
4900.0,18.33,18.28,18.38
4950.0,18.33,18.28,18.38
5000.0,18.31,18.26,18.37
5050.0,18.33,18.28,18.38
5100.0,18.34,18.30,18.38
5150.0,18.33,18.28,18.38
5200.0,18.34,18.30,18.38
5250.0,18.34,18.30,18.38
5300.0,18.34,18.30,18.38
5350.0,18.34,18.30,18.38
5400.0,18.34,18.30,18.38
5450.0,18.34,18.30,18.38
5500.0,18.34,18.30,18.38
5550.0,18.34,18.30,18.38
5600.0,18.34,18.30,18.38
5650.0,18.34,18.30,18.38
5700.0,18.34,18.30,18.38
5750.0,18.34,18.30,18.38
5800.0,18.34,18.30,18.38
5850.0,18.36,18.33,18.38
5900.0,18.34,18.30,18.38
5950.0,18.36,18.33,18.38
6000.0,18.36,18.33,18.38
6050.0,18.36,18.33,18.38
6100.0,18.36,18.33,18.38
6150.0,18.36,18.33,18.38
6200.0,18.36,18.33,18.38
6250.0,18.36,18.33,18.38
6300.0,18.36,18.33,18.38
6350.0,18.36,18.33,18.38
6400.0,18.36,18.33,18.38
6450.0,18.36,18.33,18.38
6500.0,18.36,18.33,18.38
6550.0,18.36,18.33,18.38
6600.0,18.36,18.33,18.38
6650.0,18.36,18.33,18.38
6700.0,18.36,18.33,18.38
6750.0,18.36,18.33,18.38
6800.0,18.36,18.33,18.38
6850.0,18.36,18.33,18.38
6900.0,18.36,18.33,18.38
6950.0,18.36,18.33,18.38
7000.0,18.36,18.33,18.38
7050.0,18.36,18.33,18.38
7100.0,18.36,18.33,18.38
7150.0,18.37,18.37,18.37
7200.0,18.37,18.37,18.37
7250.0,18.37,18.37,18.37
7300.0,18.37,18.37,18.37
7350.0,18.37,18.37,18.37
7400.0,18.37,18.37,18.37
7450.0,18.37,18.37,18.37
7500.0,18.37,18.37,18.37
7550.0,18.37,18.37,18.37
7600.0,18.37,18.37,18.37
7650.0,18.37,18.37,18.37
7700.0,18.37,18.37,18.37
7750.0,18.37,18.37,18.37
