step,mean,ci_down,ci_up
10000.0,55.03,44.50,65.56
12000.0,115.05,102.88,127.22
14000.0,183.14,168.69,197.59
16000.0,258.91,241.14,276.69
18000.0,340.54,318.06,363.02
20000.0,420.40,393.22,447.57
22000.0,502.46,473.68,531.24
24000.0,593.71,563.47,623.96
26000.0,681.23,648.98,713.48
28000.0,771.85,740.91,802.78
30000.0,866.05,836.70,895.41
32000.0,961.32,932.72,989.92
34000.0,1054.65,1026.69,1082.61
36000.0,1148.08,1116.75,1179.41
38000.0,1240.90,1204.60,1277.20
40000.0,1336.26,1298.67,1373.85
42000.0,1429.39,1388.17,1470.61
44000.0,1526.70,1485.84,1567.56
46000.0,1617.62,1575.86,1659.38
48000.0,1710.85,1669.97,1751.74
50000.0,1806.60,1764.19,1849.01
52000.0,1901.92,1860.05,1943.78
54000.0,1997.08,1952.74,2041.42
56000.0,2086.29,2038.08,2134.50
58000.0,2177.24,2124.67,2229.82
60000.0,2277.61,2221.26,2333.97
62000.0,2372.99,2310.74,2435.24
64000.0,2471.74,2408.07,2535.40
66000.0,2569.24,2502.75,2635.73
68000.0,2671.32,2600.95,2741.70
70000.0,2775.54,2705.93,2845.15
72000.0,2877.31,2806.18,2948.43
74000.0,2975.71,2904.19,3047.24
76000.0,3076.03,3001.24,3150.81
78000.0,3170.81,3097.17,3244.46
80000.0,3270.20,3196.79,3343.60
82000.0,3370.33,3296.07,3444.60
84000.0,3469.57,3394.10,3545.03
86000.0,3570.37,3492.63,3648.12
88000.0,3673.74,3595.63,3751.84
90000.0,3779.41,3701.26,3857.57
92000.0,3887.02,3809.26,3964.77
94000.0,3988.41,3911.81,4065.01
96000.0,4092.79,4013.46,4172.13
98000.0,4196.15,4117.01,4275.30
100000.0,4297.94,4220.64,4375.25
