step,mean,ci_down,ci_up
10000.0,8.80,5.99,11.61
12000.0,19.53,15.34,23.73
14000.0,32.20,26.47,37.93
16000.0,44.93,39.53,50.34
18000.0,58.80,52.66,64.94
20000.0,75.00,67.68,82.32
22000.0,88.60,80.66,96.54
24000.0,101.33,92.13,110.54
26000.0,114.27,104.62,123.92
28000.0,129.47,118.87,140.06
30000.0,143.87,131.95,155.78
32000.0,159.73,146.80,172.66
34000.0,177.40,161.83,192.97
36000.0,191.13,175.48,206.78
38000.0,205.00,188.47,221.53
40000.0,221.47,204.84,238.09
42000.0,239.53,221.51,257.56
44000.0,254.93,236.39,273.48
46000.0,274.20,253.94,294.46
48000.0,292.33,271.99,312.67
50000.0,309.00,287.34,330.66
52000.0,327.33,304.56,350.11
54000.0,344.27,322.16,366.37
56000.0,362.53,339.68,385.38
58000.0,381.40,357.25,405.55
60000.0,400.00,373.71,426.29
62000.0,416.60,389.05,444.15
64000.0,433.93,405.22,462.64
66000.0,450.40,420.84,479.96
68000.0,466.33,435.04,497.62
70000.0,481.73,448.87,514.59
72000.0,498.33,464.23,532.44
74000.0,516.07,481.39,550.74
76000.0,531.20,496.37,566.03
78000.0,547.53,512.60,582.46
80000.0,565.73,530.85,600.62
82000.0,583.27,546.88,619.66
84000.0,599.20,562.73,635.67
86000.0,615.33,577.58,653.08
88000.0,632.33,594.75,669.92
90000.0,647.53,610.58,684.49
92000.0,662.27,625.30,699.24
94000.0,678.47,641.73,715.20
96000.0,695.60,659.53,731.67
98000.0,711.53,675.33,747.73
100000.0,727.07,691.71,762.42
