step,mean,ci_down,ci_up
10000.0,-0.07,-0.10,-0.05
12000.0,-0.12,-0.15,-0.09
14000.0,-0.16,-0.19,-0.12
16000.0,-0.19,-0.23,-0.15
18000.0,-0.21,-0.25,-0.17
20000.0,-0.23,-0.27,-0.18
22000.0,-0.25,-0.29,-0.20
24000.0,-0.27,-0.31,-0.22
26000.0,-0.29,-0.34,-0.24
28000.0,-0.30,-0.35,-0.26
30000.0,-0.32,-0.37,-0.27
32000.0,-0.33,-0.38,-0.28
34000.0,-0.34,-0.39,-0.29
36000.0,-0.36,-0.40,-0.31
38000.0,-0.37,-0.42,-0.32
40000.0,-0.38,-0.43,-0.33
42000.0,-0.39,-0.44,-0.34
44000.0,-0.40,-0.45,-0.35
46000.0,-0.41,-0.46,-0.36
48000.0,-0.42,-0.47,-0.37
50000.0,-0.43,-0.48,-0.38
52000.0,-0.44,-0.49,-0.39
54000.0,-0.45,-0.50,-0.39
56000.0,-0.46,-0.52,-0.40
58000.0,-0.47,-0.53,-0.41
60000.0,-0.48,-0.54,-0.42
62000.0,-0.49,-0.55,-0.42
64000.0,-0.49,-0.55,-0.43
66000.0,-0.50,-0.56,-0.44
68000.0,-0.51,-0.57,-0.44
70000.0,-0.51,-0.58,-0.45
72000.0,-0.52,-0.59,-0.45
74000.0,-0.53,-0.59,-0.46
76000.0,-0.53,-0.60,-0.47
78000.0,-0.54,-0.61,-0.47
80000.0,-0.55,-0.62,-0.48
82000.0,-0.55,-0.63,-0.48
84000.0,-0.56,-0.63,-0.49
86000.0,-0.57,-0.64,-0.49
88000.0,-0.57,-0.64,-0.50
90000.0,-0.58,-0.65,-0.50
92000.0,-0.58,-0.66,-0.51
94000.0,-0.59,-0.67,-0.51
96000.0,-0.60,-0.67,-0.52
98000.0,-0.60,-0.69,-0.52
100000.0,-0.61,-0.69,-0.53
