step,mean,ci_down,ci_up
10000.0,9.00,9.00,9.00
12000.0,14.00,14.00,14.00
14000.0,23.00,23.00,23.00
16000.0,33.00,33.00,33.00
18000.0,51.00,51.00,51.00
20000.0,59.00,59.00,59.00
22000.0,68.00,68.00,68.00
24000.0,85.00,85.00,85.00
26000.0,90.00,90.00,90.00
28000.0,100.00,100.00,100.00
30000.0,115.00,115.00,115.00
32000.0,135.00,135.00,135.00
34000.0,155.00,155.00,155.00
36000.0,167.00,167.00,167.00
38000.0,180.00,180.00,180.00
40000.0,186.00,186.00,186.00
42000.0,201.00,201.00,201.00
44000.0,211.00,211.00,211.00
46000.0,222.00,222.00,222.00
48000.0,244.00,244.00,244.00
50000.0,265.00,265.00,265.00
52000.0,293.00,293.00,293.00
54000.0,307.00,307.00,307.00
56000.0,319.00,319.00,319.00
58000.0,342.00,342.00,342.00
60000.0,359.00,359.00,359.00
62000.0,384.00,384.00,384.00
64000.0,392.00,392.00,392.00
66000.0,399.00,399.00,399.00
68000.0,411.00,411.00,411.00
70000.0,420.00,420.00,420.00
72000.0,432.00,432.00,432.00
74000.0,447.00,447.00,447.00
76000.0,463.00,463.00,463.00
78000.0,484.00,484.00,484.00
80000.0,491.00,491.00,491.00
82000.0,496.00,496.00,496.00
84000.0,514.00,514.00,514.00
86000.0,532.00,532.00,532.00
88000.0,546.00,546.00,546.00
90000.0,553.00,553.00,553.00
92000.0,572.00,572.00,572.00
94000.0,585.00,585.00,585.00
96000.0,600.00,600.00,600.00
98000.0,615.00,615.00,615.00
100000.0,635.00,635.00,635.00
