step,mean,ci_down,ci_up
0.0,-0.13,-0.14,-0.12
2000.0,-0.25,-0.27,-0.24
4000.0,-0.38,-0.39,-0.36
6000.0,-0.50,-0.53,-0.48
8000.0,-0.62,-0.65,-0.59
10000.0,-0.74,-0.77,-0.70
12000.0,-0.86,-0.89,-0.83
14000.0,-0.98,-1.01,-0.95
16000.0,-1.10,-1.14,-1.07
18000.0,-1.22,-1.26,-1.18
20000.0,-1.34,-1.39,-1.30
22000.0,-1.47,-1.51,-1.43
24000.0,-1.59,-1.62,-1.55
26000.0,-1.72,-1.75,-1.69
28000.0,-1.84,-1.87,-1.80
30000.0,-1.96,-1.99,-1.93
32000.0,-2.08,-2.11,-2.05
34000.0,-2.20,-2.22,-2.18
36000.0,-2.33,-2.36,-2.31
38000.0,-2.46,-2.49,-2.44
40000.0,-2.58,-2.60,-2.55
42000.0,-2.70,-2.73,-2.67
44000.0,-2.82,-2.85,-2.80
46000.0,-2.94,-2.97,-2.91
48000.0,-3.07,-3.10,-3.04
50000.0,-3.20,-3.23,-3.17
52000.0,-3.32,-3.35,-3.30
54000.0,-3.46,-3.49,-3.42
56000.0,-3.58,-3.62,-3.55
58000.0,-3.70,-3.74,-3.66
60000.0,-3.84,-3.88,-3.80
62000.0,-3.97,-4.02,-3.92
64000.0,-4.10,-4.16,-4.04
66000.0,-4.23,-4.28,-4.17
68000.0,-4.36,-4.41,-4.30
70000.0,-4.48,-4.54,-4.42
72000.0,-4.60,-4.67,-4.54
74000.0,-4.72,-4.77,-4.67
76000.0,-4.84,-4.89,-4.79
78000.0,-4.97,-5.01,-4.92
80000.0,-5.09,-5.15,-5.04
82000.0,-5.21,-5.27,-5.16
84000.0,-5.34,-5.40,-5.27
86000.0,-5.46,-5.53,-5.38
88000.0,-5.58,-5.65,-5.50
90000.0,-5.70,-5.78,-5.62
92000.0,-5.83,-5.90,-5.75
94000.0,-5.96,-6.04,-5.89
96000.0,-6.08,-6.16,-6.01
98000.0,-6.20,-6.27,-6.13
100000.0,-6.33,-6.41,-6.25
