step,mean,ci_down,ci_up
0.0,-0.13,-0.14,-0.12
2000.0,-0.12,-0.13,-0.12
4000.0,-0.12,-0.13,-0.12
6000.0,-0.13,-0.14,-0.12
8000.0,-0.12,-0.13,-0.10
10000.0,-0.12,-0.13,-0.10
12000.0,-0.12,-0.14,-0.11
14000.0,-0.12,-0.13,-0.11
16000.0,-0.12,-0.13,-0.11
18000.0,-0.12,-0.13,-0.11
20000.0,-0.12,-0.13,-0.12
22000.0,-0.13,-0.14,-0.12
24000.0,-0.12,-0.13,-0.11
26000.0,-0.13,-0.14,-0.12
28000.0,-0.12,-0.13,-0.11
30000.0,-0.12,-0.13,-0.12
32000.0,-0.12,-0.13,-0.11
34000.0,-0.12,-0.13,-0.11
36000.0,-0.13,-0.14,-0.12
38000.0,-0.13,-0.14,-0.12
40000.0,-0.12,-0.12,-0.11
42000.0,-0.12,-0.13,-0.12
44000.0,-0.12,-0.13,-0.11
46000.0,-0.12,-0.13,-0.11
48000.0,-0.13,-0.13,-0.12
50000.0,-0.13,-0.13,-0.13
52000.0,-0.13,-0.14,-0.11
54000.0,-0.13,-0.15,-0.12
56000.0,-0.13,-0.13,-0.12
58000.0,-0.12,-0.13,-0.11
60000.0,-0.14,-0.15,-0.12
62000.0,-0.13,-0.14,-0.12
64000.0,-0.13,-0.14,-0.12
66000.0,-0.13,-0.14,-0.12
68000.0,-0.13,-0.14,-0.12
70000.0,-0.12,-0.14,-0.11
72000.0,-0.12,-0.13,-0.12
74000.0,-0.12,-0.13,-0.10
76000.0,-0.12,-0.14,-0.11
78000.0,-0.12,-0.13,-0.12
80000.0,-0.13,-0.13,-0.12
82000.0,-0.12,-0.13,-0.11
84000.0,-0.12,-0.14,-0.11
86000.0,-0.12,-0.13,-0.11
88000.0,-0.12,-0.13,-0.11
90000.0,-0.12,-0.13,-0.11
92000.0,-0.13,-0.14,-0.12
94000.0,-0.14,-0.14,-0.13
96000.0,-0.12,-0.13,-0.11
98000.0,-0.12,-0.12,-0.11
100000.0,-0.13,-0.14,-0.12
