step,mean,ci_down,ci_up
0.0,0.83,0.32,1.35
2000.0,1.17,0.37,1.97
4000.0,1.67,1.11,2.23
6000.0,2.17,0.77,3.56
8000.0,2.50,1.15,3.85
10000.0,2.67,2.31,3.02
12000.0,1.50,0.56,2.44
14000.0,1.17,0.37,1.97
16000.0,2.00,1.25,2.75
18000.0,0.50,-0.07,1.07
20000.0,1.17,0.16,2.17
22000.0,2.17,0.99,3.35
24000.0,2.33,0.99,3.68
26000.0,1.00,0.13,1.87
28000.0,2.00,0.94,3.06
30000.0,1.67,0.73,2.60
32000.0,1.50,0.78,2.22
34000.0,2.17,1.16,3.17
36000.0,1.50,0.46,2.54
38000.0,1.67,0.73,2.60
40000.0,1.00,0.39,1.61
42000.0,1.50,0.78,2.22
44000.0,1.83,1.03,2.63
46000.0,1.00,0.13,1.87
48000.0,0.83,0.16,1.51
50000.0,1.33,0.63,2.04
52000.0,1.00,0.13,1.87
54000.0,1.67,0.84,2.50
56000.0,1.00,0.13,1.87
58000.0,2.00,0.56,3.44
60000.0,1.00,0.57,1.43
62000.0,1.17,0.07,2.26
64000.0,1.33,0.40,2.27
66000.0,1.50,1.13,1.87
68000.0,1.83,0.83,2.84
70000.0,1.83,0.83,2.84
72000.0,0.67,0.31,1.02
74000.0,2.00,0.02,3.98
76000.0,2.00,1.39,2.61
78000.0,1.33,0.98,1.69
80000.0,2.00,1.39,2.61
82000.0,1.50,0.56,2.44
84000.0,2.00,1.25,2.75
86000.0,1.17,-0.09,2.42
88000.0,2.00,1.03,2.97
90000.0,1.83,0.65,3.01
92000.0,1.83,0.31,3.36
94000.0,0.67,0.31,1.02
96000.0,1.33,0.77,1.89
98000.0,2.17,1.07,3.26
100000.0,0.67,0.11,1.23
