step,mean,ci_down,ci_up
30000.0,-0.12,-0.13,-0.12
32000.0,-0.24,-0.25,-0.24
34000.0,-0.36,-0.38,-0.35
36000.0,-0.50,-0.52,-0.47
38000.0,-0.63,-0.65,-0.61
40000.0,-0.74,-0.76,-0.73
42000.0,-0.87,-0.89,-0.85
44000.0,-0.99,-1.01,-0.97
46000.0,-1.11,-1.14,-1.07
48000.0,-1.23,-1.26,-1.20
50000.0,-1.36,-1.39,-1.33
52000.0,-1.49,-1.52,-1.45
54000.0,-1.62,-1.66,-1.59
56000.0,-1.75,-1.79,-1.71
58000.0,-1.87,-1.90,-1.83
60000.0,-2.00,-2.05,-1.96
62000.0,-2.13,-2.18,-2.08
64000.0,-2.26,-2.32,-2.21
66000.0,-2.39,-2.45,-2.34
68000.0,-2.52,-2.58,-2.46
70000.0,-2.65,-2.71,-2.58
72000.0,-2.77,-2.84,-2.70
74000.0,-2.88,-2.94,-2.82
76000.0,-3.01,-3.07,-2.95
78000.0,-3.13,-3.19,-3.07
80000.0,-3.26,-3.32,-3.19
82000.0,-3.38,-3.44,-3.31
84000.0,-3.50,-3.58,-3.43
86000.0,-3.62,-3.71,-3.54
88000.0,-3.74,-3.83,-3.66
90000.0,-3.86,-3.95,-3.77
92000.0,-3.99,-4.08,-3.91
94000.0,-4.13,-4.22,-4.04
96000.0,-4.25,-4.34,-4.16
98000.0,-4.36,-4.45,-4.28
100000.0,-4.50,-4.58,-4.41
