step,mean,ci_down,ci_up
30000.0,1.67,0.55,2.79
32000.0,3.17,2.08,4.26
34000.0,5.33,3.28,7.39
36000.0,6.83,4.32,9.34
38000.0,8.50,5.82,11.18
40000.0,9.50,6.27,12.73
42000.0,11.00,7.44,14.56
44000.0,12.83,8.74,16.93
46000.0,13.83,8.82,18.85
48000.0,14.67,9.39,19.95
50000.0,16.00,11.03,20.97
52000.0,17.00,11.56,22.44
54000.0,18.67,12.99,24.34
56000.0,19.67,13.63,25.71
58000.0,21.67,14.10,29.23
60000.0,22.67,15.52,29.81
62000.0,23.83,16.38,31.28
64000.0,25.17,17.95,32.38
66000.0,26.67,19.56,33.77
68000.0,28.50,20.71,36.29
70000.0,30.33,23.02,37.64
72000.0,31.00,23.47,38.53
74000.0,33.00,24.78,41.22
76000.0,35.00,27.22,42.78
78000.0,36.33,28.32,44.35
80000.0,38.33,29.83,46.83
82000.0,39.83,30.29,49.37
84000.0,41.83,32.59,51.07
86000.0,43.00,33.13,52.87
88000.0,45.00,35.64,54.36
90000.0,46.83,38.23,55.44
92000.0,48.67,40.23,57.10
94000.0,49.33,40.86,57.80
96000.0,50.67,42.18,59.15
98000.0,52.83,44.98,60.69
100000.0,53.50,45.81,61.19
