step,mean,ci_down,ci_up
0.0,26.96,24.52,29.40
2000.0,53.72,49.92,57.51
4000.0,80.94,75.45,86.43
6000.0,107.42,99.39,115.45
8000.0,136.09,125.19,146.98
10000.0,163.88,153.69,174.07
12000.0,189.84,181.88,197.79
14000.0,214.88,207.50,222.25
16000.0,242.89,235.57,250.21
18000.0,270.24,260.93,279.56
20000.0,296.72,286.40,307.04
22000.0,322.03,311.91,332.16
24000.0,348.65,340.35,356.95
26000.0,372.64,364.44,380.85
28000.0,398.81,389.31,408.30
30000.0,426.27,414.69,437.86
32000.0,452.88,440.77,464.99
34000.0,479.83,467.82,491.84
36000.0,504.36,493.60,515.13
38000.0,530.11,518.68,541.53
40000.0,558.26,547.35,569.17
42000.0,583.08,571.64,594.52
44000.0,610.82,600.99,620.65
46000.0,637.11,627.65,646.56
48000.0,661.46,652.45,670.46
50000.0,686.81,678.46,695.16
52000.0,712.26,704.45,720.07
54000.0,737.43,729.11,745.75
56000.0,762.67,753.39,771.95
58000.0,789.83,780.12,799.54
60000.0,813.28,803.17,823.40
62000.0,837.25,825.38,849.12
64000.0,862.57,850.13,875.01
66000.0,887.55,875.44,899.66
68000.0,912.68,902.09,923.27
70000.0,939.13,928.28,949.98
72000.0,964.92,953.50,976.34
74000.0,991.93,980.62,1003.23
76000.0,1017.51,1007.57,1027.45
78000.0,1044.05,1034.71,1053.39
80000.0,1070.65,1060.41,1080.89
82000.0,1096.52,1087.63,1105.41
84000.0,1122.49,1111.91,1133.08
86000.0,1148.74,1136.95,1160.53
88000.0,1177.23,1166.12,1188.33
90000.0,1203.72,1192.22,1215.23
92000.0,1229.16,1218.42,1239.91
94000.0,1253.01,1243.06,1262.96
96000.0,1278.73,1269.43,1288.03
98000.0,1305.57,1297.37,1313.78
100000.0,1329.38,1320.72,1338.05
