step,mean,ci_down,ci_up
30000.0,27.47,24.88,30.06
32000.0,54.08,50.51,57.64
34000.0,81.02,75.88,86.16
36000.0,105.56,99.89,111.23
38000.0,131.30,125.90,136.71
40000.0,159.46,154.90,164.01
42000.0,184.28,178.42,190.14
44000.0,212.01,207.75,216.27
46000.0,238.30,232.88,243.72
48000.0,262.65,257.26,268.04
50000.0,288.01,282.68,293.33
52000.0,313.45,306.30,320.61
54000.0,338.62,331.93,345.32
56000.0,363.86,356.05,371.67
58000.0,391.03,383.28,398.77
60000.0,414.48,406.83,422.13
62000.0,438.44,428.97,447.91
64000.0,463.76,453.62,473.90
66000.0,488.74,479.88,497.61
68000.0,513.87,505.14,522.61
70000.0,540.33,530.25,550.41
72000.0,566.11,555.75,576.48
74000.0,593.12,582.58,603.67
76000.0,618.71,608.61,628.80
78000.0,645.25,635.96,654.54
80000.0,671.85,661.29,682.40
82000.0,697.71,688.01,707.42
84000.0,723.69,712.16,735.22
86000.0,749.93,736.32,763.55
88000.0,778.42,764.75,792.09
90000.0,804.92,790.37,819.47
92000.0,830.36,816.52,844.20
94000.0,854.20,840.62,867.78
96000.0,879.93,867.24,892.61
98000.0,906.77,895.75,917.78
100000.0,930.58,918.66,942.50
