step,mean,ci_down,ci_up
0.0,-2518.17,-3069.01,-1967.32
50.0,-3098.44,-4303.47,-1893.41
100.0,-3679.89,-5136.74,-2223.04
150.0,-4302.02,-4588.92,-4015.12
200.0,-4312.02,-4598.92,-4025.12
250.0,-4630.89,-5507.13,-3754.65
300.0,-4640.89,-5517.13,-3764.65
350.0,-4650.89,-5527.13,-3774.65
400.0,-4660.89,-5537.13,-3784.65
450.0,-4670.89,-5547.13,-3794.65
500.0,-4680.89,-5557.13,-3804.65
550.0,-4690.89,-5567.13,-3814.65
600.0,-4700.89,-5577.13,-3824.65
650.0,-4710.89,-5587.13,-3834.65
700.0,-4720.89,-5597.13,-3844.65
750.0,-4730.89,-5607.13,-3854.65
800.0,-4740.89,-5617.13,-3864.65
850.0,-4750.89,-5627.13,-3874.65
900.0,-4760.89,-5637.13,-3884.65
950.0,-4770.89,-5647.13,-3894.65
1000.0,-4780.89,-5657.13,-3904.65
1050.0,-4790.89,-5667.13,-3914.65
1100.0,-4800.89,-5677.13,-3924.65
1150.0,-4810.89,-5687.13,-3934.65
1200.0,-4820.89,-5697.13,-3944.65
1250.0,-4830.89,-5707.13,-3954.65
1300.0,-4840.89,-5717.13,-3964.65
1350.0,-4850.89,-5727.13,-3974.65
1400.0,-4860.89,-5737.13,-3984.65
1450.0,-4870.89,-5747.13,-3994.65
1500.0,-4880.89,-5757.13,-4004.65
1550.0,-4890.89,-5767.13,-4014.65
1600.0,-4900.89,-5777.13,-4024.65
1650.0,-4910.89,-5787.13,-4034.65
1700.0,-4920.89,-5797.13,-4044.65
1750.0,-4930.89,-5807.13,-4054.65
1800.0,-4940.89,-5817.13,-4064.65
1850.0,-4950.89,-5827.13,-4074.65
1900.0,-4960.89,-5837.13,-4084.65
1950.0,-4970.89,-5847.13,-4094.65
2000.0,-4980.89,-5857.13,-4104.65
2050.0,-4990.89,-5867.13,-4114.65
2100.0,-5000.89,-5877.13,-4124.65
2150.0,-5010.89,-5887.13,-4134.65
2200.0,-4992.52,-5868.76,-4116.28
2250.0,-4983.61,-5853.15,-4114.07
2300.0,-4984.15,-5865.70,-4102.61
2350.0,-4965.78,-5847.33,-4084.24
2400.0,-4947.41,-5828.96,-4065.87
2450.0,-4929.04,-5810.59,-4047.50
2500.0,-4910.67,-5792.22,-4029.13
2550.0,-4892.30,-5773.85,-4010.76
2600.0,-4873.93,-5755.48,-3992.39
2650.0,-4855.56,-5737.11,-3974.02
2700.0,-4837.19,-5718.74,-3955.65
2750.0,-4818.82,-5700.37,-3937.28
2800.0,-4800.45,-5682.00,-3918.91
2850.0,-4782.08,-5663.63,-3900.54
2900.0,-4763.71,-5645.26,-3882.17
2950.0,-4745.34,-5626.89,-3863.80
3000.0,-4726.97,-5608.52,-3845.43
3050.0,-4708.60,-5590.15,-3827.06
3100.0,-4690.23,-5571.78,-3808.69
3150.0,-4671.86,-5553.41,-3790.32
3200.0,-4653.49,-5535.04,-3771.95
3250.0,-4635.12,-5516.67,-3753.58
3300.0,-4616.75,-5498.30,-3735.21
3350.0,-4598.38,-5479.93,-3716.84
3400.0,-4580.01,-5461.56,-3698.47
3450.0,-4561.64,-5443.19,-3680.10
3500.0,-4543.27,-5424.82,-3661.73
3550.0,-4524.90,-5406.45,-3643.36
3600.0,-4506.53,-5388.08,-3624.99
3650.0,-4488.16,-5369.71,-3606.62
3700.0,-4469.79,-5351.34,-3588.25
3750.0,-4451.42,-5332.97,-3569.88
3800.0,-4433.05,-5314.60,-3551.51
3850.0,-4414.68,-5296.23,-3533.14
3900.0,-4396.31,-5277.86,-3514.77
3950.0,-4377.94,-5259.49,-3496.40
4000.0,-4359.57,-5241.12,-3478.03
4050.0,-4341.20,-5222.75,-3459.66
4100.0,-4322.83,-5204.38,-3441.29
4150.0,-4304.46,-5186.01,-3422.92
4200.0,-4286.09,-5167.64,-3404.55
4250.0,-4267.72,-5149.27,-3386.18
4300.0,-4249.35,-5130.90,-3367.81
4350.0,-4230.98,-5112.53,-3349.44
4400.0,-4212.61,-5094.16,-3331.07
4450.0,-4194.24,-5075.79,-3312.70
4500.0,-4175.87,-5057.42,-3294.33
4550.0,-4157.50,-5039.05,-3275.96
4600.0,-4139.13,-5020.68,-3257.59
4650.0,-4120.76,-5002.31,-3239.22
4700.0,-4102.39,-4983.94,-3220.85
4750.0,-4084.02,-4965.57,-3202.48
4800.0,-4065.65,-4947.20,-3184.11
4850.0,-4047.28,-4928.83,-3165.74
4900.0,-4028.91,-4910.46,-3147.37
4950.0,-4010.54,-4892.09,-3129.00
5000.0,-3992.17,-4873.72,-3110.63
5050.0,-3973.80,-4855.35,-3092.26
5100.0,-3955.43,-4836.98,-3073.89
5150.0,-3937.06,-4818.61,-3055.52
5200.0,-3918.69,-4800.24,-3037.15
5250.0,-3900.32,-4781.87,-3018.78
5300.0,-3881.95,-4763.50,-3000.41
5350.0,-3863.58,-4745.13,-2982.04
5400.0,-3845.21,-4726.76,-2963.67
5450.0,-3826.84,-4708.39,-2945.30
5500.0,-3808.47,-4690.02,-2926.93
5550.0,-3790.10,-4671.65,-2908.56
5600.0,-3771.73,-4653.28,-2890.19
5650.0,-3753.36,-4634.91,-2871.82
5700.0,-3734.99,-4616.54,-2853.45
5750.0,-3716.62,-4598.17,-2835.08
5800.0,-3698.25,-4579.80,-2816.71
5850.0,-3679.88,-4561.43,-2798.34
5900.0,-3661.51,-4543.06,-2779.97
5950.0,-3643.14,-4524.69,-2761.60
6000.0,-3624.77,-4506.32,-2743.23
6050.0,-3606.40,-4487.95,-2724.86
6100.0,-3588.03,-4469.58,-2706.49
6150.0,-3569.66,-4451.21,-2688.12
6200.0,-3551.29,-4432.84,-2669.75
6250.0,-3532.92,-4414.47,-2651.38
6300.0,-3514.55,-4396.10,-2633.01
6350.0,-3496.18,-4377.73,-2614.64
6400.0,-3477.81,-4359.36,-2596.27
6450.0,-3459.44,-4340.99,-2577.90
6500.0,-3441.07,-4322.62,-2559.53
6550.0,-3422.70,-4304.25,-2541.16
6600.0,-3404.33,-4285.88,-2522.79
6650.0,-3385.96,-4267.51,-2504.42
6700.0,-3367.59,-4249.14,-2486.05
6750.0,-3349.22,-4230.77,-2467.68
6800.0,-3330.85,-4212.40,-2449.31
6850.0,-3312.48,-4194.03,-2430.94
6900.0,-3294.11,-4175.66,-2412.57
6950.0,-3275.74,-4157.29,-2394.20
7000.0,-3257.37,-4138.92,-2375.83
7050.0,-3239.00,-4120.55,-2357.46
7100.0,-3220.63,-4102.18,-2339.09
7150.0,-3202.26,-4083.81,-2320.72
7200.0,-3183.89,-4065.44,-2302.35
7250.0,-3165.52,-4047.07,-2283.98
7300.0,-3147.15,-4028.70,-2265.61
7350.0,-3128.78,-4010.33,-2247.24
7400.0,-3110.41,-3991.96,-2228.87
7450.0,-3092.04,-3973.59,-2210.50
7500.0,-3073.67,-3955.22,-2192.13
7550.0,-3055.30,-3936.85,-2173.76
7600.0,-3036.93,-3918.48,-2155.39
7650.0,-3018.56,-3900.11,-2137.02
7700.0,-3000.19,-3881.74,-2118.65
7750.0,-2981.82,-3863.37,-2100.28
7800.0,-2963.45,-3845.00,-2081.91
7850.0,-2945.08,-3826.63,-2063.54
7900.0,-2926.71,-3808.26,-2045.17
