step,mean,ci_down,ci_up
0.0,86.33,31.85,140.81
50.0,181.83,36.86,326.81
100.0,369.17,246.53,491.80
150.0,517.33,375.26,659.40
200.0,719.33,577.26,861.40
250.0,857.50,840.05,874.95
300.0,1059.50,1042.05,1076.95
350.0,1261.50,1244.05,1278.95
400.0,1463.50,1446.05,1480.95
450.0,1665.50,1648.05,1682.95
500.0,1867.50,1850.05,1884.95
550.0,2069.50,2052.05,2086.95
600.0,2271.50,2254.05,2288.95
650.0,2473.50,2456.05,2490.95
700.0,2675.50,2658.05,2692.95
750.0,2877.50,2860.05,2894.95
800.0,3079.50,3062.05,3096.95
850.0,3281.50,3264.05,3298.95
900.0,3483.50,3466.05,3500.95
950.0,3685.50,3668.05,3702.95
1000.0,3887.50,3870.05,3904.95
1050.0,4089.50,4072.05,4106.95
1100.0,4291.50,4274.05,4308.95
1150.0,4493.50,4476.05,4510.95
1200.0,4695.50,4678.05,4712.95
1250.0,4897.50,4880.05,4914.95
1300.0,5099.50,5082.05,5116.95
1350.0,5301.50,5284.05,5318.95
1400.0,5503.50,5486.05,5520.95
1450.0,5705.50,5688.05,5722.95
1500.0,5907.50,5890.05,5924.95
1550.0,6109.50,6092.05,6126.95
1600.0,6311.50,6294.05,6328.95
1650.0,6513.50,6496.05,6530.95
1700.0,6715.50,6698.05,6732.95
1750.0,6917.50,6900.05,6934.95
1800.0,7119.50,7102.05,7136.95
1850.0,7321.50,7304.05,7338.95
1900.0,7523.50,7506.05,7540.95
1950.0,7725.50,7708.05,7742.95
2000.0,7927.50,7910.05,7944.95
2050.0,8129.50,8112.05,8146.95
2100.0,8331.50,8314.05,8348.95
2150.0,8533.50,8516.05,8550.95
2200.0,8553.50,8536.05,8570.95
2250.0,8634.17,8514.55,8753.78
2300.0,8775.50,8559.97,8991.03
2350.0,8795.50,8579.97,9011.03
2400.0,8815.50,8599.97,9031.03
2450.0,8835.50,8619.97,9051.03
2500.0,8855.50,8639.97,9071.03
2550.0,8875.50,8659.97,9091.03
2600.0,8895.50,8679.97,9111.03
2650.0,8915.50,8699.97,9131.03
2700.0,8935.50,8719.97,9151.03
2750.0,8955.50,8739.97,9171.03
2800.0,8975.50,8759.97,9191.03
2850.0,8995.50,8779.97,9211.03
2900.0,9015.50,8799.97,9231.03
2950.0,9035.50,8819.97,9251.03
3000.0,9055.50,8839.97,9271.03
3050.0,9075.50,8859.97,9291.03
3100.0,9095.50,8879.97,9311.03
3150.0,9115.50,8899.97,9331.03
3200.0,9135.50,8919.97,9351.03
3250.0,9155.50,8939.97,9371.03
3300.0,9175.50,8959.97,9391.03
3350.0,9195.50,8979.97,9411.03
3400.0,9215.50,8999.97,9431.03
3450.0,9235.50,9019.97,9451.03
3500.0,9255.50,9039.97,9471.03
3550.0,9275.50,9059.97,9491.03
3600.0,9295.50,9079.97,9511.03
3650.0,9315.50,9099.97,9531.03
3700.0,9335.50,9119.97,9551.03
3750.0,9355.50,9139.97,9571.03
3800.0,9375.50,9159.97,9591.03
3850.0,9395.50,9179.97,9611.03
3900.0,9415.50,9199.97,9631.03
3950.0,9435.50,9219.97,9651.03
4000.0,9455.50,9239.97,9671.03
4050.0,9475.50,9259.97,9691.03
4100.0,9495.50,9279.97,9711.03
4150.0,9515.50,9299.97,9731.03
4200.0,9535.50,9319.97,9751.03
4250.0,9555.50,9339.97,9771.03
4300.0,9575.50,9359.97,9791.03
4350.0,9595.50,9379.97,9811.03
4400.0,9615.50,9399.97,9831.03
4450.0,9635.50,9419.97,9851.03
4500.0,9655.50,9439.97,9871.03
4550.0,9675.50,9459.97,9891.03
4600.0,9695.50,9479.97,9911.03
4650.0,9715.50,9499.97,9931.03
4700.0,9735.50,9519.97,9951.03
4750.0,9755.50,9539.97,9971.03
4800.0,9775.50,9559.97,9991.03
4850.0,9795.50,9579.97,10011.03
4900.0,9815.50,9599.97,10031.03
4950.0,9835.50,9619.97,10051.03
5000.0,9855.50,9639.97,10071.03
5050.0,9875.50,9659.97,10091.03
5100.0,9895.50,9679.97,10111.03
5150.0,9915.50,9699.97,10131.03
5200.0,9935.50,9719.97,10151.03
5250.0,9955.50,9739.97,10171.03
5300.0,9975.50,9759.97,10191.03
5350.0,9995.50,9779.97,10211.03
5400.0,10015.50,9799.97,10231.03
5450.0,10035.50,9819.97,10251.03
5500.0,10055.50,9839.97,10271.03
5550.0,10075.50,9859.97,10291.03
5600.0,10095.50,9879.97,10311.03
5650.0,10115.50,9899.97,10331.03
5700.0,10135.50,9919.97,10351.03
5750.0,10155.50,9939.97,10371.03
5800.0,10175.50,9959.97,10391.03
5850.0,10195.50,9979.97,10411.03
5900.0,10215.50,9999.97,10431.03
5950.0,10235.50,10019.97,10451.03
6000.0,10255.50,10039.97,10471.03
6050.0,10275.50,10059.97,10491.03
6100.0,10295.50,10079.97,10511.03
6150.0,10315.50,10099.97,10531.03
6200.0,10335.50,10119.97,10551.03
6250.0,10355.50,10139.97,10571.03
6300.0,10375.50,10159.97,10591.03
6350.0,10395.50,10179.97,10611.03
6400.0,10415.50,10199.97,10631.03
6450.0,10435.50,10219.97,10651.03
6500.0,10455.50,10239.97,10671.03
6550.0,10475.50,10259.97,10691.03
6600.0,10495.50,10279.97,10711.03
6650.0,10515.50,10299.97,10731.03
6700.0,10535.50,10319.97,10751.03
6750.0,10555.50,10339.97,10771.03
6800.0,10575.50,10359.97,10791.03
6850.0,10595.50,10379.97,10811.03
6900.0,10615.50,10399.97,10831.03
6950.0,10635.50,10419.97,10851.03
7000.0,10655.50,10439.97,10871.03
7050.0,10675.50,10459.97,10891.03
7100.0,10695.50,10479.97,10911.03
7150.0,10715.50,10499.97,10931.03
7200.0,10735.50,10519.97,10951.03
7250.0,10755.50,10539.97,10971.03
7300.0,10775.50,10559.97,10991.03
7350.0,10795.50,10579.97,11011.03
7400.0,10815.50,10599.97,11031.03
7450.0,10835.50,10619.97,11051.03
7500.0,10855.50,10639.97,11071.03
7550.0,10875.50,10659.97,11091.03
7600.0,10895.50,10679.97,11111.03
7650.0,10915.50,10699.97,11131.03
7700.0,10935.50,10719.97,11151.03
7750.0,10955.50,10739.97,11171.03
7800.0,10975.50,10759.97,11191.03
7850.0,10995.50,10779.97,11211.03
7900.0,11015.50,10799.97,11231.03
