step,mean,ci_down,ci_up
500.0,-22.01,-24.11,-19.90
550.0,-43.75,-46.67,-40.83
600.0,-61.64,-65.00,-58.28
650.0,-81.25,-85.09,-77.41
700.0,-100.79,-105.01,-96.58
750.0,-119.47,-123.99,-114.95
800.0,-135.72,-140.45,-130.99
850.0,-149.84,-154.69,-144.99
900.0,-162.67,-167.59,-157.74
950.0,-174.62,-179.59,-169.65
1000.0,-185.91,-190.91,-180.90
1050.0,-196.83,-201.85,-191.81
1100.0,-207.37,-212.40,-202.34
1150.0,-217.65,-222.69,-212.62
1200.0,-228.04,-233.09,-223.00
1250.0,-238.41,-243.46,-233.36
1300.0,-248.79,-253.84,-243.73
1350.0,-258.91,-263.96,-253.85
1400.0,-268.94,-274.00,-263.89
1450.0,-279.01,-284.06,-273.95
1500.0,-289.07,-294.13,-284.01
1550.0,-299.10,-304.16,-294.04
1600.0,-309.10,-314.16,-304.04
1650.0,-319.05,-324.11,-313.99
1700.0,-329.03,-334.09,-323.97
1750.0,-338.99,-344.05,-333.93
1800.0,-348.90,-353.97,-343.84
1850.0,-358.76,-363.83,-353.70
1900.0,-368.53,-373.60,-363.47
1950.0,-378.12,-383.18,-373.06
2000.0,-387.43,-392.49,-382.36
2050.0,-396.25,-401.32,-391.18
2100.0,-404.12,-409.19,-399.04
2150.0,-410.35,-415.43,-405.26
2200.0,-414.44,-419.55,-409.33
2250.0,-415.70,-420.83,-410.56
2300.0,-414.05,-419.22,-408.88
2350.0,-409.36,-414.58,-404.15
2400.0,-401.90,-407.16,-396.63
2450.0,-391.91,-397.22,-386.59
2500.0,-379.95,-385.31,-374.60
2550.0,-366.32,-371.72,-360.92
2600.0,-351.43,-356.87,-346.00
2650.0,-335.53,-340.99,-330.06
2700.0,-318.77,-324.26,-313.27
2750.0,-301.50,-307.01,-296.00
2800.0,-283.85,-289.37,-278.33
2850.0,-265.89,-271.42,-260.36
2900.0,-247.79,-253.33,-242.26
2950.0,-229.57,-235.10,-224.03
3000.0,-211.28,-216.82,-205.74
3050.0,-192.96,-198.50,-187.41
3100.0,-174.60,-180.14,-169.06
3150.0,-156.24,-161.78,-150.69
3200.0,-137.87,-143.41,-132.33
3250.0,-119.50,-125.04,-113.96
3300.0,-101.13,-106.67,-95.59
3350.0,-82.76,-88.30,-77.22
3400.0,-64.39,-69.93,-58.85
3450.0,-46.02,-51.56,-40.48
3500.0,-27.65,-33.19,-22.11
3550.0,-9.28,-14.82,-3.74
3600.0,9.09,3.55,14.63
3650.0,27.46,21.92,33.00
3700.0,45.83,40.29,51.37
3750.0,64.20,58.66,69.74
3800.0,82.57,77.03,88.11
3850.0,100.94,95.40,106.48
3900.0,119.31,113.77,124.85
3950.0,137.68,132.14,143.22
4000.0,156.05,150.51,161.59
4050.0,174.42,168.88,179.96
4100.0,192.79,187.25,198.33
4150.0,211.16,205.62,216.70
4200.0,229.53,223.99,235.07
4250.0,247.90,242.36,253.44
4300.0,266.27,260.73,271.81
4350.0,284.64,279.09,290.18
4400.0,303.00,297.46,308.55
4450.0,321.37,315.83,326.91
4500.0,339.74,334.20,345.28
4550.0,358.11,352.57,363.65
4600.0,376.48,370.94,382.02
4650.0,394.84,389.30,400.39
4700.0,413.21,407.67,418.76
4750.0,431.58,426.04,437.12
4800.0,449.95,444.41,455.49
4850.0,468.32,462.78,473.86
4900.0,486.69,481.14,492.23
4950.0,505.05,499.51,510.60
5000.0,523.42,517.88,528.96
5050.0,541.79,536.25,547.33
5100.0,560.16,554.62,565.70
5150.0,578.53,572.99,584.07
5200.0,596.90,591.36,602.44
5250.0,615.27,609.73,620.81
5300.0,633.64,628.10,639.18
5350.0,652.01,646.47,657.55
5400.0,670.38,664.84,675.92
5450.0,688.75,683.21,694.29
5500.0,707.12,701.58,712.66
5550.0,725.49,719.95,731.03
5600.0,743.86,738.32,749.40
5650.0,762.23,756.69,767.77
5700.0,780.59,775.05,786.14
5750.0,798.96,793.42,804.50
5800.0,817.33,811.79,822.87
5850.0,835.70,830.16,841.24
5900.0,854.07,848.52,859.61
5950.0,872.43,866.89,877.97
6000.0,890.79,885.25,896.34
6050.0,909.16,903.62,914.70
6100.0,927.53,921.98,933.07
6150.0,945.89,940.35,951.43
6200.0,964.26,958.72,969.80
6250.0,982.62,977.08,988.16
6300.0,1000.99,995.44,1006.53
6350.0,1019.35,1013.81,1024.90
6400.0,1037.72,1032.18,1043.26
6450.0,1056.09,1050.55,1061.63
6500.0,1074.45,1068.91,1079.99
6550.0,1092.82,1087.27,1098.36
6600.0,1111.18,1105.64,1116.72
6650.0,1129.55,1124.00,1135.09
6700.0,1147.91,1142.37,1153.46
6750.0,1166.28,1160.74,1171.82
6800.0,1184.65,1179.10,1190.19
6850.0,1203.01,1197.47,1208.56
6900.0,1221.38,1215.84,1226.92
6950.0,1239.75,1234.21,1245.29
7000.0,1258.12,1252.57,1263.66
7050.0,1276.48,1270.94,1282.03
7100.0,1294.85,1289.31,1300.39
7150.0,1313.22,1307.67,1318.76
7200.0,1331.58,1326.04,1337.13
7250.0,1349.95,1344.41,1355.50
7300.0,1368.32,1362.78,1373.87
7350.0,1386.69,1381.15,1392.24
7400.0,1405.06,1399.52,1410.61
7450.0,1423.43,1417.89,1428.98
7500.0,1441.80,1436.26,1447.35
7550.0,1460.17,1454.63,1465.72
7600.0,1478.54,1473.00,1484.08
7650.0,1496.91,1491.36,1502.45
7700.0,1515.27,1509.73,1520.81
7750.0,1533.64,1528.09,1539.18
7800.0,1552.00,1546.46,1557.55
7850.0,1570.37,1564.82,1575.91
7900.0,1588.74,1583.19,1594.28
7950.0,1607.10,1601.56,1612.65
8000.0,1625.47,1619.93,1631.01
