step,mean,ci_down,ci_up
500.0,199.70,198.81,200.60
550.0,398.75,397.40,400.09
600.0,598.74,597.12,600.36
650.0,798.65,796.79,800.51
700.0,998.48,996.45,1000.52
750.0,1199.22,1197.11,1201.34
800.0,1399.78,1397.54,1402.03
850.0,1600.68,1598.38,1602.99
900.0,1802.19,1799.84,1804.54
950.0,2003.54,2001.14,2005.94
1000.0,2205.36,2202.95,2207.77
1050.0,2407.00,2404.57,2409.43
1100.0,2608.82,2606.36,2611.27
1150.0,2810.73,2808.27,2813.19
1200.0,3012.64,3010.17,3015.10
1250.0,3214.36,3211.88,3216.84
1300.0,3416.09,3413.59,3418.59
1350.0,3618.00,3615.49,3620.50
1400.0,3820.00,3817.49,3822.50
1450.0,4021.90,4019.40,4024.41
1500.0,4223.81,4221.29,4226.34
1550.0,4425.81,4423.29,4428.34
1600.0,4627.63,4625.08,4630.18
1650.0,4829.27,4826.70,4831.84
1700.0,5030.90,5028.31,5033.49
1750.0,5232.08,5229.45,5234.72
1800.0,5433.54,5430.86,5436.21
1850.0,5634.45,5631.69,5637.20
1900.0,5835.36,5832.50,5838.21
1950.0,6034.44,6031.43,6037.46
2000.0,6232.26,6228.96,6235.56
2050.0,6428.03,6424.21,6431.85
2100.0,6616.56,6611.85,6621.28
2150.0,6794.90,6788.68,6801.13
2200.0,6960.23,6952.03,6968.43
2250.0,7105.54,7094.92,7116.16
2300.0,7232.19,7218.90,7245.48
2350.0,7341.19,7325.12,7357.25
2400.0,7429.07,7410.46,7447.68
2450.0,7504.40,7483.38,7525.42
2500.0,7566.90,7543.73,7590.07
2550.0,7618.66,7593.67,7643.65
2600.0,7662.32,7635.77,7688.87
2650.0,7698.88,7671.12,7726.64
2700.0,7730.53,7701.82,7759.24
2750.0,7759.17,7729.69,7788.66
2800.0,7783.54,7753.61,7813.47
2850.0,7806.54,7776.30,7836.79
2900.0,7828.64,7798.15,7859.13
2950.0,7849.82,7819.17,7880.46
3000.0,7870.46,7839.72,7901.19
3050.0,7890.64,7859.87,7921.40
3100.0,7910.73,7879.95,7941.51
3150.0,7930.73,7899.95,7961.51
3200.0,7950.73,7919.95,7981.51
3250.0,7970.73,7939.95,8001.51
3300.0,7990.73,7959.95,8021.51
3350.0,8010.73,7979.95,8041.51
3400.0,8030.73,7999.95,8061.51
3450.0,8050.73,8019.95,8081.51
3500.0,8070.73,8039.95,8101.51
3550.0,8090.73,8059.95,8121.51
3600.0,8110.73,8079.95,8141.51
3650.0,8130.73,8099.95,8161.51
3700.0,8150.73,8119.95,8181.51
3750.0,8170.73,8139.95,8201.51
3800.0,8190.73,8159.95,8221.51
3850.0,8210.73,8179.95,8241.51
3900.0,8230.73,8199.95,8261.51
3950.0,8250.73,8219.95,8281.51
4000.0,8270.82,8240.04,8301.60
4050.0,8290.82,8260.04,8321.60
4100.0,8310.82,8280.04,8341.60
4150.0,8330.82,8300.04,8361.60
4200.0,8350.82,8320.04,8381.60
4250.0,8370.82,8340.04,8401.60
4300.0,8390.82,8360.04,8421.60
4350.0,8410.91,8380.13,8441.69
4400.0,8431.00,8400.22,8461.78
4450.0,8451.09,8420.31,8481.88
4500.0,8471.09,8440.31,8501.88
4550.0,8491.09,8460.31,8521.88
4600.0,8511.09,8480.31,8541.88
4650.0,8531.18,8500.40,8561.97
4700.0,8551.18,8520.40,8581.97
4750.0,8571.28,8540.48,8602.07
4800.0,8591.37,8560.57,8622.17
4850.0,8611.37,8580.57,8642.17
4900.0,8631.46,8600.65,8662.26
4950.0,8651.55,8620.73,8682.36
5000.0,8671.64,8640.83,8702.45
5050.0,8691.64,8660.83,8722.45
5100.0,8711.64,8680.83,8742.45
5150.0,8731.64,8700.83,8762.45
5200.0,8751.64,8720.83,8782.45
5250.0,8771.64,8740.83,8802.45
5300.0,8791.64,8760.83,8822.45
5350.0,8811.64,8780.83,8842.45
5400.0,8831.64,8800.83,8862.45
5450.0,8851.64,8820.83,8882.45
5500.0,8871.64,8840.83,8902.45
5550.0,8891.64,8860.83,8922.45
5600.0,8911.64,8880.83,8942.45
5650.0,8931.64,8900.83,8962.45
5700.0,8951.64,8920.83,8982.45
5750.0,8971.64,8940.83,9002.45
5800.0,8991.64,8960.83,9022.45
5850.0,9011.64,8980.83,9042.45
5900.0,9031.64,9000.83,9062.45
5950.0,9051.64,9020.83,9082.45
6000.0,9071.64,9040.83,9102.45
6050.0,9091.64,9060.83,9122.45
6100.0,9111.64,9080.83,9142.45
6150.0,9131.64,9100.83,9162.45
6200.0,9151.64,9120.83,9182.45
6250.0,9171.64,9140.83,9202.45
6300.0,9191.64,9160.83,9222.45
6350.0,9211.64,9180.83,9242.45
6400.0,9231.64,9200.83,9262.45
6450.0,9251.64,9220.83,9282.45
6500.0,9271.64,9240.83,9302.45
6550.0,9291.64,9260.83,9322.45
6600.0,9311.64,9280.83,9342.45
6650.0,9331.64,9300.83,9362.45
6700.0,9351.64,9320.83,9382.45
6750.0,9371.64,9340.83,9402.45
6800.0,9391.64,9360.83,9422.45
6850.0,9411.64,9380.83,9442.45
6900.0,9431.64,9400.83,9462.45
6950.0,9451.64,9420.83,9482.45
7000.0,9471.64,9440.83,9502.45
7050.0,9491.64,9460.83,9522.45
7100.0,9511.64,9480.83,9542.45
7150.0,9531.64,9500.83,9562.45
7200.0,9551.64,9520.83,9582.45
7250.0,9571.64,9540.83,9602.45
7300.0,9591.64,9560.83,9622.45
7350.0,9611.64,9580.83,9642.45
7400.0,9631.64,9600.83,9662.45
7450.0,9651.64,9620.83,9682.45
7500.0,9671.64,9640.83,9702.45
7550.0,9691.64,9660.83,9722.45
7600.0,9711.64,9680.83,9742.45
7650.0,9731.64,9700.83,9762.45
7700.0,9751.64,9720.83,9782.45
7750.0,9771.64,9740.83,9802.45
7800.0,9791.64,9760.83,9822.45
7850.0,9811.64,9780.83,9842.45
7900.0,9831.64,9800.83,9862.45
7950.0,9851.64,9820.83,9882.45
8000.0,9871.64,9840.83,9902.45
