step,mean,ci_down,ci_up
100.0,-1841.07,-2302.35,-1379.79
150.0,-877.73,-996.94,-758.52
200.0,-788.10,-848.28,-727.92
250.0,-580.94,-615.81,-546.07
300.0,-583.72,-606.49,-560.94
350.0,-153.34,-163.51,-143.16
400.0,-27.47,-30.23,-24.70
450.0,-20.51,-22.39,-18.64
500.0,-22.01,-24.11,-19.90
550.0,-21.75,-23.77,-19.73
600.0,-17.88,-19.52,-16.25
650.0,-19.61,-21.43,-17.80
700.0,-19.55,-21.34,-17.75
750.0,-18.68,-20.35,-17.01
800.0,-16.25,-17.66,-14.84
850.0,-14.12,-15.22,-13.02
900.0,-12.82,-13.66,-11.99
950.0,-11.96,-12.65,-11.26
1000.0,-11.28,-11.85,-10.72
1050.0,-10.92,-11.35,-10.49
1100.0,-10.54,-10.87,-10.22
1150.0,-10.28,-10.49,-10.07
1200.0,-10.39,-10.67,-10.12
1250.0,-10.37,-10.62,-10.12
1300.0,-10.37,-10.63,-10.12
1350.0,-10.12,-10.25,-9.99
1400.0,-10.04,-10.10,-9.97
1450.0,-10.06,-10.15,-9.98
1500.0,-10.06,-10.18,-9.95
1550.0,-10.03,-10.07,-9.98
1600.0,-10.01,-10.05,-9.96
1650.0,-9.95,-9.97,-9.93
1700.0,-9.97,-9.99,-9.95
1750.0,-9.97,-10.05,-9.89
1800.0,-9.91,-9.94,-9.88
1850.0,-9.86,-9.90,-9.82
1900.0,-9.77,-9.82,-9.72
1950.0,-9.58,-9.65,-9.52
2000.0,-9.31,-9.39,-9.22
2050.0,-8.82,-8.94,-8.71
2100.0,-7.87,-8.02,-7.72
2150.0,-6.23,-6.42,-6.04
2200.0,-4.09,-4.32,-3.86
2250.0,-1.26,-1.52,-1.00
2300.0,1.65,1.37,1.92
2350.0,4.69,4.41,4.97
2400.0,7.47,7.20,7.74
2450.0,9.99,9.73,10.25
2500.0,11.95,11.72,12.19
2550.0,13.63,13.42,13.84
2600.0,14.89,14.71,15.07
2650.0,15.91,15.75,16.06
2700.0,16.76,16.63,16.89
2750.0,17.26,17.15,17.37
2800.0,17.65,17.56,17.74
2850.0,17.96,17.90,18.03
2900.0,18.09,18.04,18.15
2950.0,18.23,18.19,18.27
3000.0,18.28,18.25,18.31
3050.0,18.33,18.31,18.35
3100.0,18.36,18.34,18.37
3150.0,18.36,18.36,18.37
3200.0,18.37,18.36,18.37
3250.0,18.37,18.37,18.37
3300.0,18.37,18.37,18.37
3350.0,18.37,18.37,18.37
3400.0,18.37,18.37,18.37
3450.0,18.37,18.37,18.37
3500.0,18.37,18.37,18.37
3550.0,18.37,18.37,18.37
3600.0,18.37,18.37,18.37
3650.0,18.37,18.37,18.37
3700.0,18.37,18.37,18.37
3750.0,18.37,18.37,18.37
3800.0,18.37,18.37,18.37
3850.0,18.37,18.37,18.37
3900.0,18.37,18.37,18.37
3950.0,18.37,18.37,18.37
4000.0,18.37,18.36,18.37
4050.0,18.37,18.37,18.37
4100.0,18.37,18.37,18.37
4150.0,18.37,18.37,18.37
4200.0,18.37,18.37,18.37
4250.0,18.37,18.37,18.37
4300.0,18.37,18.37,18.37
4350.0,18.37,18.36,18.37
4400.0,18.37,18.36,18.37
4450.0,18.37,18.36,18.37
4500.0,18.37,18.37,18.37
4550.0,18.37,18.37,18.37
4600.0,18.37,18.36,18.37
4650.0,18.37,18.36,18.37
4700.0,18.37,18.37,18.37
4750.0,18.37,18.36,18.37
4800.0,18.37,18.36,18.37
4850.0,18.37,18.37,18.37
4900.0,18.37,18.36,18.37
4950.0,18.37,18.36,18.37
5000.0,18.37,18.36,18.37
5050.0,18.37,18.37,18.37
5100.0,18.37,18.37,18.37
5150.0,18.37,18.37,18.37
5200.0,18.37,18.37,18.37
5250.0,18.37,18.37,18.37
5300.0,18.37,18.37,18.37
5350.0,18.37,18.37,18.37
5400.0,18.37,18.37,18.37
5450.0,18.37,18.37,18.37
5500.0,18.37,18.37,18.37
5550.0,18.37,18.37,18.37
5600.0,18.37,18.37,18.37
5650.0,18.37,18.36,18.37
5700.0,18.37,18.36,18.37
5750.0,18.37,18.36,18.37
5800.0,18.37,18.37,18.37
5850.0,18.37,18.36,18.37
5900.0,18.37,18.36,18.37
5950.0,18.36,18.36,18.37
6000.0,18.36,18.36,18.37
6050.0,18.36,18.36,18.37
6100.0,18.37,18.36,18.37
6150.0,18.36,18.36,18.37
6200.0,18.37,18.36,18.37
6250.0,18.36,18.36,18.37
6300.0,18.36,18.36,18.37
6350.0,18.37,18.36,18.37
6400.0,18.37,18.36,18.37
6450.0,18.37,18.36,18.37
6500.0,18.36,18.36,18.37
6550.0,18.36,18.36,18.37
6600.0,18.36,18.36,18.37
6650.0,18.36,18.36,18.37
6700.0,18.37,18.36,18.37
6750.0,18.37,18.36,18.37
6800.0,18.37,18.36,18.37
6850.0,18.37,18.36,18.37
6900.0,18.37,18.36,18.37
6950.0,18.37,18.36,18.37
7000.0,18.37,18.36,18.37
7050.0,18.37,18.36,18.37
7100.0,18.37,18.36,18.37
7150.0,18.37,18.36,18.37
7200.0,18.37,18.36,18.37
7250.0,18.37,18.37,18.37
7300.0,18.37,18.37,18.37
7350.0,18.37,18.37,18.37
7400.0,18.37,18.37,18.37
7450.0,18.37,18.37,18.37
7500.0,18.37,18.37,18.37
7550.0,18.37,18.37,18.37
7600.0,18.37,18.36,18.37
7650.0,18.36,18.36,18.37
7700.0,18.36,18.36,18.37
7750.0,18.37,18.36,18.37
7800.0,18.37,18.36,18.37
7850.0,18.36,18.36,18.37
7900.0,18.37,18.36,18.37
7950.0,18.37,18.36,18.37
8000.0,18.37,18.36,18.37
