step,mean,ci_down,ci_up
100.0,72.04,42.46,101.62
150.0,133.70,125.87,141.52
200.0,141.86,137.87,145.85
250.0,154.93,152.46,157.40
300.0,153.17,151.54,154.80
350.0,185.31,184.33,186.28
400.0,198.49,198.01,198.97
450.0,199.56,199.15,199.97
500.0,199.46,199.04,199.88
550.0,199.45,199.02,199.87
600.0,200.27,199.92,200.63
650.0,199.93,199.54,200.31
700.0,199.91,199.53,200.30
750.0,200.08,199.71,200.44
800.0,200.55,200.24,200.86
850.0,201.05,200.79,201.30
900.0,201.18,200.94,201.42
950.0,201.43,201.23,201.63
1000.0,201.68,201.54,201.82
1050.0,201.69,201.55,201.84
1100.0,201.80,201.68,201.91
1150.0,201.89,201.81,201.98
1200.0,201.83,201.72,201.94
1250.0,201.83,201.72,201.94
1300.0,201.82,201.70,201.93
1350.0,201.91,201.83,201.99
1400.0,201.91,201.83,201.99
1450.0,201.89,201.80,201.98
1500.0,201.84,201.73,201.94
1550.0,201.87,201.78,201.97
1600.0,201.87,201.77,201.96
1650.0,201.69,201.54,201.84
1700.0,201.82,201.70,201.93
1750.0,201.53,201.34,201.71
1800.0,201.42,201.22,201.62
1850.0,201.09,200.84,201.34
1900.0,200.53,200.20,200.85
1950.0,199.32,198.89,199.76
2000.0,197.54,196.99,198.10
2050.0,194.33,193.61,195.05
2100.0,188.30,187.35,189.25
2150.0,177.71,176.48,178.93
2200.0,164.09,162.63,165.55
2250.0,145.91,144.25,147.57
2300.0,127.27,125.50,129.04
2350.0,107.76,105.97,109.56
2400.0,89.92,88.18,91.67
2450.0,73.71,72.07,75.35
2500.0,61.17,59.66,62.67
2550.0,50.39,49.05,51.73
2600.0,42.33,41.15,43.51
2650.0,35.80,34.79,36.81
2700.0,30.32,29.49,31.15
2750.0,27.12,26.42,27.81
2800.0,24.60,24.04,25.17
2850.0,22.60,22.18,23.03
2900.0,21.77,21.41,22.12
2950.0,20.91,20.66,21.16
3000.0,20.56,20.36,20.76
3050.0,20.27,20.13,20.41
3100.0,20.09,20.01,20.17
3150.0,20.04,19.99,20.09
3200.0,20.02,19.98,20.05
3250.0,20.00,20.00,20.00
3300.0,20.00,20.00,20.00
3350.0,20.00,20.00,20.00
3400.0,20.00,20.00,20.00
3450.0,20.00,20.00,20.00
3500.0,20.00,20.00,20.00
3550.0,20.00,20.00,20.00
3600.0,20.00,20.00,20.00
3650.0,20.00,20.00,20.00
3700.0,20.00,20.00,20.00
3750.0,20.00,20.00,20.00
3800.0,20.00,20.00,20.00
3850.0,20.00,20.00,20.00
3900.0,20.00,20.00,20.00
3950.0,20.00,20.00,20.00
4000.0,20.02,19.98,20.05
4050.0,20.00,20.00,20.00
4100.0,20.00,20.00,20.00
4150.0,20.00,20.00,20.00
4200.0,20.00,20.00,20.00
4250.0,20.00,20.00,20.00
4300.0,20.00,20.00,20.00
4350.0,20.02,19.98,20.05
4400.0,20.02,19.98,20.05
4450.0,20.02,19.98,20.05
4500.0,20.00,20.00,20.00
4550.0,20.00,20.00,20.00
4600.0,20.02,19.98,20.05
4650.0,20.02,19.98,20.05
4700.0,20.00,20.00,20.00
4750.0,20.02,19.98,20.05
4800.0,20.02,19.98,20.05
4850.0,20.00,20.00,20.00
4900.0,20.02,19.98,20.05
4950.0,20.02,19.98,20.05
5000.0,20.02,19.98,20.05
5050.0,20.00,20.00,20.00
5100.0,20.00,20.00,20.00
5150.0,20.00,20.00,20.00
5200.0,20.00,20.00,20.00
5250.0,20.00,20.00,20.00
5300.0,20.00,20.00,20.00
5350.0,20.00,20.00,20.00
5400.0,20.00,20.00,20.00
5450.0,20.00,20.00,20.00
5500.0,20.00,20.00,20.00
5550.0,20.00,20.00,20.00
5600.0,20.00,20.00,20.00
5650.0,20.02,19.98,20.05
5700.0,20.02,19.98,20.05
5750.0,20.02,19.98,20.05
5800.0,20.00,20.00,20.00
5850.0,20.02,19.98,20.05
5900.0,20.02,19.98,20.05
5950.0,20.04,19.99,20.09
6000.0,20.04,19.99,20.09
6050.0,20.04,19.99,20.09
6100.0,20.02,19.98,20.05
6150.0,20.04,19.99,20.09
6200.0,20.02,19.98,20.05
6250.0,20.04,19.99,20.09
6300.0,20.04,19.99,20.09
6350.0,20.02,19.98,20.05
6400.0,20.02,19.98,20.05
6450.0,20.02,19.98,20.05
6500.0,20.04,19.99,20.09
6550.0,20.04,19.99,20.09
6600.0,20.04,19.99,20.09
6650.0,20.04,19.99,20.09
6700.0,20.02,19.98,20.05
6750.0,20.02,19.98,20.05
6800.0,20.02,19.98,20.05
6850.0,20.02,19.98,20.05
6900.0,20.02,19.98,20.05
6950.0,20.02,19.98,20.05
7000.0,20.02,19.98,20.05
7050.0,20.02,19.98,20.05
7100.0,20.02,19.98,20.05
7150.0,20.02,19.98,20.05
7200.0,20.02,19.98,20.05
7250.0,20.00,20.00,20.00
7300.0,20.00,20.00,20.00
7350.0,20.00,20.00,20.00
7400.0,20.00,20.00,20.00
7450.0,20.00,20.00,20.00
7500.0,20.00,20.00,20.00
7550.0,20.00,20.00,20.00
7600.0,20.02,19.98,20.05
7650.0,20.04,19.99,20.09
7700.0,20.04,19.99,20.09
7750.0,20.02,19.98,20.05
7800.0,20.02,19.98,20.05
7850.0,20.04,19.99,20.09
7900.0,20.02,19.98,20.05
7950.0,20.02,19.98,20.05
8000.0,20.02,19.98,20.05
