step,mean,ci_down,ci_up
0.0,0.83,0.22,1.45
2000.0,2.00,0.73,3.27
4000.0,3.67,2.43,4.90
6000.0,5.83,3.55,8.12
8000.0,8.33,5.28,11.39
10000.0,11.00,8.07,13.93
12000.0,12.50,8.92,16.08
14000.0,13.67,9.40,17.93
16000.0,15.67,11.50,19.84
18000.0,16.17,11.75,20.58
20000.0,17.33,13.16,21.50
22000.0,19.50,14.81,24.19
24000.0,21.83,15.80,27.87
26000.0,22.83,16.84,28.82
28000.0,24.83,18.60,31.07
30000.0,26.50,20.94,32.06
32000.0,28.00,22.59,33.41
34000.0,30.17,24.74,35.59
36000.0,31.67,26.44,36.90
38000.0,33.33,27.61,39.05
40000.0,34.33,28.12,40.55
42000.0,35.83,29.49,42.17
44000.0,37.67,30.85,44.48
46000.0,38.67,31.28,46.05
48000.0,39.50,31.79,47.21
50000.0,40.83,33.31,48.36
52000.0,41.83,34.19,49.48
54000.0,43.50,35.32,51.68
56000.0,44.50,35.57,53.43
58000.0,46.50,36.13,56.87
60000.0,47.50,37.45,57.55
62000.0,48.67,38.12,59.21
64000.0,50.00,39.28,60.72
66000.0,51.50,40.84,62.16
68000.0,53.33,42.45,64.22
70000.0,55.17,44.44,65.89
72000.0,55.83,45.04,66.63
74000.0,57.83,45.72,69.94
76000.0,59.83,48.13,71.54
78000.0,61.17,49.42,72.92
80000.0,63.17,51.10,75.23
82000.0,64.67,51.57,77.76
84000.0,66.67,54.11,79.23
86000.0,67.83,54.55,81.12
88000.0,69.83,56.68,82.99
90000.0,71.67,58.80,84.53
92000.0,73.50,60.60,86.40
94000.0,74.17,61.36,86.97
96000.0,75.50,62.90,88.10
98000.0,77.67,65.53,89.80
100000.0,78.33,66.30,90.37
