step,mean,ci_down,ci_up
10000.0,2.67,2.24,3.09
12000.0,4.17,3.21,5.13
14000.0,5.33,3.42,7.25
16000.0,7.33,5.64,9.03
18000.0,7.83,5.86,9.80
20000.0,9.00,7.06,10.94
22000.0,11.17,8.88,13.45
24000.0,13.50,10.19,16.81
26000.0,14.50,11.23,17.77
28000.0,16.50,12.88,20.12
30000.0,18.17,15.35,20.98
32000.0,19.67,16.94,22.39
34000.0,21.83,19.12,24.55
36000.0,23.33,20.86,25.80
38000.0,25.00,21.80,28.20
40000.0,26.00,22.15,29.85
42000.0,27.50,23.59,31.41
44000.0,29.33,24.82,33.84
46000.0,30.33,25.13,35.54
48000.0,31.17,25.57,36.76
50000.0,32.50,27.04,37.96
52000.0,33.50,27.68,39.32
54000.0,35.17,28.93,41.40
56000.0,36.17,29.36,42.98
58000.0,38.17,29.88,46.45
60000.0,39.17,31.24,47.09
62000.0,40.33,31.94,48.72
64000.0,41.67,33.29,50.04
66000.0,43.17,34.83,51.50
68000.0,45.00,36.35,53.65
70000.0,46.83,38.56,55.11
72000.0,47.50,39.13,55.87
74000.0,49.50,40.00,59.00
76000.0,51.50,42.45,60.55
78000.0,52.83,43.70,61.97
80000.0,54.83,45.34,64.33
82000.0,56.33,45.76,66.91
84000.0,58.33,48.28,68.39
86000.0,59.50,48.77,70.23
88000.0,61.50,50.96,72.04
90000.0,63.33,53.21,73.45
92000.0,65.17,55.09,75.24
94000.0,65.83,55.81,75.85
96000.0,67.17,57.28,77.05
98000.0,69.33,59.97,78.69
100000.0,70.00,60.80,79.20
