step,mean,ci_down,ci_up
0.0,26.96,24.93,29.00
2000.0,26.75,25.20,28.31
4000.0,27.23,25.39,29.06
6000.0,26.48,24.04,28.91
8000.0,28.67,25.65,31.69
10000.0,27.79,25.48,30.10
12000.0,25.96,23.34,28.58
14000.0,25.04,23.10,26.97
16000.0,28.02,26.65,29.39
18000.0,27.35,24.71,30.00
20000.0,26.47,25.00,27.95
22000.0,25.32,24.47,26.16
24000.0,26.62,24.82,28.41
26000.0,23.99,22.57,25.41
28000.0,26.16,24.37,27.95
30000.0,27.47,25.31,29.63
32000.0,26.61,24.95,28.27
34000.0,26.94,24.67,29.22
36000.0,24.54,22.51,26.57
38000.0,25.75,24.74,26.75
40000.0,28.15,26.99,29.31
42000.0,24.82,23.45,26.20
44000.0,27.73,25.63,29.84
46000.0,26.29,24.35,28.23
48000.0,24.35,23.19,25.51
50000.0,25.36,24.27,26.44
52000.0,25.45,22.25,28.64
54000.0,25.17,23.01,27.33
56000.0,25.24,23.33,27.15
58000.0,27.16,24.88,29.45
60000.0,23.46,21.82,25.09
62000.0,23.96,21.97,25.96
64000.0,25.32,22.73,27.90
66000.0,24.98,23.76,26.20
68000.0,25.13,22.85,27.41
70000.0,26.45,23.84,29.06
72000.0,25.79,24.75,26.83
74000.0,27.01,25.16,28.85
76000.0,25.58,23.29,27.88
78000.0,26.54,24.79,28.29
80000.0,26.60,25.08,28.12
82000.0,25.87,23.58,28.15
84000.0,25.97,23.23,28.72
86000.0,26.25,23.89,28.60
88000.0,28.49,26.33,30.65
90000.0,26.50,24.15,28.85
92000.0,25.44,24.62,26.26
94000.0,23.84,22.23,25.46
96000.0,25.72,23.87,27.57
98000.0,26.84,25.04,28.64
100000.0,23.81,22.30,25.33
