step,mean,ci_down,ci_up
0.0,39.45,35.18,43.72
2000.0,91.23,77.91,104.56
4000.0,153.43,134.22,172.63
6000.0,236.27,210.14,262.39
8000.0,316.73,287.92,345.55
10000.0,403.80,374.50,433.11
12000.0,499.12,468.51,529.73
14000.0,589.15,555.57,622.74
16000.0,679.85,643.85,715.86
18000.0,777.46,737.76,817.17
20000.0,874.17,828.24,920.10
22000.0,972.61,924.20,1021.03
24000.0,1072.22,1021.21,1123.23
26000.0,1164.58,1105.36,1223.81
28000.0,1257.00,1198.21,1315.80
30000.0,1353.90,1292.50,1415.29
32000.0,1450.91,1383.66,1518.16
34000.0,1548.61,1479.71,1617.51
36000.0,1641.73,1570.14,1713.31
38000.0,1736.81,1664.78,1808.85
40000.0,1829.67,1756.54,1902.81
42000.0,1932.69,1855.83,2009.56
44000.0,2032.54,1954.07,2111.02
46000.0,2136.31,2061.11,2211.51
48000.0,2240.89,2163.68,2318.11
50000.0,2345.43,2266.98,2423.88
52000.0,2450.99,2368.54,2533.44
54000.0,2550.96,2464.63,2637.29
56000.0,2658.06,2567.46,2748.66
58000.0,2761.54,2667.69,2855.40
60000.0,2862.14,2767.79,2956.49
62000.0,2962.97,2862.60,3063.34
64000.0,3066.44,2961.15,3171.72
66000.0,3174.09,3065.09,3283.09
68000.0,3285.70,3172.33,3399.07
70000.0,3393.69,3280.59,3506.78
72000.0,3505.74,3388.92,3622.55
74000.0,3617.75,3501.79,3733.71
76000.0,3726.86,3610.86,3842.86
78000.0,3835.87,3716.60,3955.14
80000.0,3947.69,3824.70,4070.67
82000.0,4053.16,3932.63,4173.69
84000.0,4162.95,4039.45,4286.46
86000.0,4274.78,4146.70,4402.85
88000.0,4378.60,4242.95,4514.24
90000.0,4478.61,4343.33,4613.90
92000.0,4581.04,4440.51,4721.57
94000.0,4688.37,4539.55,4837.18
96000.0,4796.65,4641.76,4951.54
98000.0,4906.42,4753.09,5059.75
