step,mean,ci_down,ci_up
0.0,-0.08,-0.09,-0.07
2000.0,-0.13,-0.16,-0.10
4000.0,-0.17,-0.20,-0.15
6000.0,-0.20,-0.22,-0.17
8000.0,-0.22,-0.25,-0.18
10000.0,-0.23,-0.27,-0.19
12000.0,-0.24,-0.28,-0.21
14000.0,-0.25,-0.29,-0.22
16000.0,-0.27,-0.30,-0.23
18000.0,-0.27,-0.31,-0.24
20000.0,-0.28,-0.32,-0.25
22000.0,-0.29,-0.32,-0.26
24000.0,-0.30,-0.33,-0.28
26000.0,-0.32,-0.36,-0.29
28000.0,-0.33,-0.37,-0.29
30000.0,-0.34,-0.38,-0.29
32000.0,-0.34,-0.39,-0.30
34000.0,-0.35,-0.40,-0.31
36000.0,-0.38,-0.42,-0.34
38000.0,-0.39,-0.43,-0.35
40000.0,-0.40,-0.45,-0.35
42000.0,-0.41,-0.46,-0.35
44000.0,-0.41,-0.46,-0.36
46000.0,-0.41,-0.47,-0.36
48000.0,-0.42,-0.47,-0.36
50000.0,-0.42,-0.48,-0.36
52000.0,-0.42,-0.48,-0.36
54000.0,-0.43,-0.48,-0.37
56000.0,-0.43,-0.49,-0.37
58000.0,-0.43,-0.49,-0.37
60000.0,-0.43,-0.50,-0.37
62000.0,-0.44,-0.51,-0.37
64000.0,-0.44,-0.51,-0.38
66000.0,-0.45,-0.52,-0.38
68000.0,-0.45,-0.52,-0.38
70000.0,-0.45,-0.52,-0.38
72000.0,-0.46,-0.53,-0.38
74000.0,-0.46,-0.53,-0.38
76000.0,-0.46,-0.53,-0.38
78000.0,-0.46,-0.54,-0.38
80000.0,-0.46,-0.54,-0.38
82000.0,-0.47,-0.55,-0.39
84000.0,-0.47,-0.55,-0.39
86000.0,-0.47,-0.55,-0.39
88000.0,-0.47,-0.55,-0.39
90000.0,-0.47,-0.55,-0.39
92000.0,-0.47,-0.56,-0.39
94000.0,-0.48,-0.56,-0.39
96000.0,-0.48,-0.56,-0.39
98000.0,-0.48,-0.56,-0.39
