step,mean,ci_down,ci_up
100.0,-1587.66,-1587.66,-1587.66
150.0,-10.00,-10.00,-10.00
200.0,-10.00,-10.00,-10.00
250.0,-10.00,-10.00,-10.00
300.0,-10.00,-10.00,-10.00
350.0,-10.00,-10.00,-10.00
400.0,-10.00,-10.00,-10.00
450.0,-10.00,-10.00,-10.00
500.0,-10.00,-10.00,-10.00
550.0,-20.00,-20.00,-20.00
600.0,-30.00,-30.00,-30.00
650.0,-40.00,-40.00,-40.00
700.0,-50.00,-50.00,-50.00
750.0,-60.00,-60.00,-60.00
800.0,-70.00,-70.00,-70.00
850.0,-80.00,-80.00,-80.00
900.0,-90.00,-90.00,-90.00
950.0,-100.00,-100.00,-100.00
1000.0,-110.00,-110.00,-110.00
1050.0,-120.00,-120.00,-120.00
1100.0,-130.00,-130.00,-130.00
1150.0,-140.00,-140.00,-140.00
1200.0,-150.00,-150.00,-150.00
1250.0,-160.00,-160.00,-160.00
1300.0,-170.00,-170.00,-170.00
1350.0,-180.00,-180.00,-180.00
1400.0,-190.00,-190.00,-190.00
1450.0,-200.00,-200.00,-200.00
1500.0,-210.00,-210.00,-210.00
1550.0,-220.00,-220.00,-220.00
1600.0,-230.00,-230.00,-230.00
1650.0,-240.00,-240.00,-240.00
1700.0,-250.00,-250.00,-250.00
1750.0,-260.00,-260.00,-260.00
1800.0,-270.00,-270.00,-270.00
1850.0,-280.00,-280.00,-280.00
1900.0,-290.00,-290.00,-290.00
1950.0,-300.00,-300.00,-300.00
2000.0,-310.00,-310.00,-310.00
2050.0,-320.00,-320.00,-320.00
2100.0,-330.00,-330.00,-330.00
2150.0,-340.00,-340.00,-340.00
2200.0,-350.00,-350.00,-350.00
2250.0,-360.00,-360.00,-360.00
2300.0,-370.00,-370.00,-370.00
2350.0,-380.00,-380.00,-380.00
2400.0,-390.00,-390.00,-390.00
2450.0,-400.00,-400.00,-400.00
2500.0,-410.00,-410.00,-410.00
2550.0,-420.00,-420.00,-420.00
2600.0,-430.00,-430.00,-430.00
2650.0,-440.00,-440.00,-440.00
2700.0,-421.63,-421.63,-421.63
2750.0,-403.26,-403.26,-403.26
2800.0,-384.89,-384.89,-384.89
2850.0,-366.52,-366.52,-366.52
2900.0,-348.15,-348.15,-348.15
2950.0,-329.78,-329.78,-329.78
3000.0,-311.41,-311.41,-311.41
3050.0,-293.04,-293.04,-293.04
3100.0,-274.67,-274.67,-274.67
3150.0,-256.30,-256.30,-256.30
3200.0,-237.93,-237.93,-237.93
3250.0,-219.56,-219.56,-219.56
3300.0,-201.19,-201.19,-201.19
3350.0,-182.82,-182.82,-182.82
3400.0,-164.45,-164.45,-164.45
3450.0,-146.08,-146.08,-146.08
3500.0,-127.71,-127.71,-127.71
3550.0,-109.34,-109.34,-109.34
3600.0,-90.97,-90.97,-90.97
3650.0,-72.60,-72.60,-72.60
3700.0,-54.23,-54.23,-54.23
3750.0,-35.86,-35.86,-35.86
3800.0,-17.49,-17.49,-17.49
3850.0,0.88,0.88,0.88
3900.0,19.25,19.25,19.25
3950.0,37.62,37.62,37.62
4000.0,55.99,55.99,55.99
4050.0,74.36,74.36,74.36
4100.0,92.73,92.73,92.73
4150.0,111.10,111.10,111.10
4200.0,129.47,129.47,129.47
4250.0,147.84,147.84,147.84
4300.0,166.21,166.21,166.21
4350.0,184.58,184.58,184.58
4400.0,202.95,202.95,202.95
4450.0,221.32,221.32,221.32
4500.0,239.69,239.69,239.69
4550.0,258.06,258.06,258.06
4600.0,276.43,276.43,276.43
4650.0,294.80,294.80,294.80
4700.0,313.17,313.17,313.17
4750.0,331.54,331.54,331.54
4800.0,349.91,349.91,349.91
4850.0,368.28,368.28,368.28
4900.0,386.65,386.65,386.65
4950.0,405.02,405.02,405.02
5000.0,423.39,423.39,423.39
5050.0,441.76,441.76,441.76
5100.0,460.13,460.13,460.13
5150.0,478.50,478.50,478.50
5200.0,496.87,496.87,496.87
5250.0,515.24,515.24,515.24
5300.0,533.61,533.61,533.61
5350.0,551.98,551.98,551.98
5400.0,570.35,570.35,570.35
5450.0,588.72,588.72,588.72
5500.0,607.09,607.09,607.09
5550.0,625.46,625.46,625.46
5600.0,643.83,643.83,643.83
5650.0,662.20,662.20,662.20
5700.0,680.57,680.57,680.57
5750.0,698.94,698.94,698.94
5800.0,717.31,717.31,717.31
5850.0,735.68,735.68,735.68
5900.0,754.05,754.05,754.05
5950.0,772.42,772.42,772.42
6000.0,790.79,790.79,790.79
6050.0,809.16,809.16,809.16
6100.0,827.53,827.53,827.53
6150.0,845.90,845.90,845.90
6200.0,864.27,864.27,864.27
6250.0,882.64,882.64,882.64
6300.0,901.01,901.01,901.01
6350.0,919.38,919.38,919.38
6400.0,937.75,937.75,937.75
6450.0,956.12,956.12,956.12
6500.0,974.49,974.49,974.49
6550.0,992.86,992.86,992.86
6600.0,1011.23,1011.23,1011.23
6650.0,1029.60,1029.60,1029.60
6700.0,1047.97,1047.97,1047.97
6750.0,1066.34,1066.34,1066.34
6800.0,1084.71,1084.71,1084.71
6850.0,1103.08,1103.08,1103.08
6900.0,1121.45,1121.45,1121.45
6950.0,1139.82,1139.82,1139.82
7000.0,1158.19,1158.19,1158.19
7050.0,1176.56,1176.56,1176.56
7100.0,1194.93,1194.93,1194.93
7150.0,1213.30,1213.30,1213.30
7200.0,1231.67,1231.67,1231.67
7250.0,1250.04,1250.04,1250.04
7300.0,1268.41,1268.41,1268.41
7350.0,1286.78,1286.78,1286.78
7400.0,1305.15,1305.15,1305.15
7450.0,1323.52,1323.52,1323.52
7500.0,1341.89,1341.89,1341.89
7550.0,1360.26,1360.26,1360.26
7600.0,1378.63,1378.63,1378.63
7650.0,1397.00,1397.00,1397.00
7700.0,1415.37,1415.37,1415.37
7750.0,1433.74,1433.74,1433.74
7800.0,1452.11,1452.11,1452.11
7850.0,1470.48,1470.48,1470.48
7900.0,1488.85,1488.85,1488.85
7950.0,1507.22,1507.22,1507.22
8000.0,1525.59,1525.59,1525.59
