step,mean,ci_down,ci_up
100.0,25.00,25.00,25.00
150.0,202.00,202.00,202.00
200.0,202.00,202.00,202.00
250.0,202.00,202.00,202.00
300.0,202.00,202.00,202.00
350.0,202.00,202.00,202.00
400.0,202.00,202.00,202.00
450.0,202.00,202.00,202.00
500.0,202.00,202.00,202.00
550.0,404.00,404.00,404.00
600.0,606.00,606.00,606.00
650.0,808.00,808.00,808.00
700.0,1010.00,1010.00,1010.00
750.0,1212.00,1212.00,1212.00
800.0,1414.00,1414.00,1414.00
850.0,1616.00,1616.00,1616.00
900.0,1818.00,1818.00,1818.00
950.0,2020.00,2020.00,2020.00
1000.0,2222.00,2222.00,2222.00
1050.0,2424.00,2424.00,2424.00
1100.0,2626.00,2626.00,2626.00
1150.0,2828.00,2828.00,2828.00
1200.0,3030.00,3030.00,3030.00
1250.0,3232.00,3232.00,3232.00
1300.0,3434.00,3434.00,3434.00
1350.0,3636.00,3636.00,3636.00
1400.0,3838.00,3838.00,3838.00
1450.0,4040.00,4040.00,4040.00
1500.0,4242.00,4242.00,4242.00
1550.0,4444.00,4444.00,4444.00
1600.0,4646.00,4646.00,4646.00
1650.0,4848.00,4848.00,4848.00
1700.0,5050.00,5050.00,5050.00
1750.0,5252.00,5252.00,5252.00
1800.0,5454.00,5454.00,5454.00
1850.0,5656.00,5656.00,5656.00
1900.0,5858.00,5858.00,5858.00
1950.0,6060.00,6060.00,6060.00
2000.0,6262.00,6262.00,6262.00
2050.0,6464.00,6464.00,6464.00
2100.0,6666.00,6666.00,6666.00
2150.0,6868.00,6868.00,6868.00
2200.0,7070.00,7070.00,7070.00
2250.0,7272.00,7272.00,7272.00
2300.0,7474.00,7474.00,7474.00
2350.0,7676.00,7676.00,7676.00
2400.0,7878.00,7878.00,7878.00
2450.0,8080.00,8080.00,8080.00
2500.0,8282.00,8282.00,8282.00
2550.0,8484.00,8484.00,8484.00
2600.0,8686.00,8686.00,8686.00
2650.0,8888.00,8888.00,8888.00
2700.0,8908.00,8908.00,8908.00
2750.0,8928.00,8928.00,8928.00
2800.0,8948.00,8948.00,8948.00
2850.0,8968.00,8968.00,8968.00
2900.0,8988.00,8988.00,8988.00
2950.0,9008.00,9008.00,9008.00
3000.0,9028.00,9028.00,9028.00
3050.0,9048.00,9048.00,9048.00
3100.0,9068.00,9068.00,9068.00
3150.0,9088.00,9088.00,9088.00
3200.0,9108.00,9108.00,9108.00
3250.0,9128.00,9128.00,9128.00
3300.0,9148.00,9148.00,9148.00
3350.0,9168.00,9168.00,9168.00
3400.0,9188.00,9188.00,9188.00
3450.0,9208.00,9208.00,9208.00
3500.0,9228.00,9228.00,9228.00
3550.0,9248.00,9248.00,9248.00
3600.0,9268.00,9268.00,9268.00
3650.0,9288.00,9288.00,9288.00
3700.0,9308.00,9308.00,9308.00
3750.0,9328.00,9328.00,9328.00
3800.0,9348.00,9348.00,9348.00
3850.0,9368.00,9368.00,9368.00
3900.0,9388.00,9388.00,9388.00
3950.0,9408.00,9408.00,9408.00
4000.0,9428.00,9428.00,9428.00
4050.0,9448.00,9448.00,9448.00
4100.0,9468.00,9468.00,9468.00
4150.0,9488.00,9488.00,9488.00
4200.0,9508.00,9508.00,9508.00
4250.0,9528.00,9528.00,9528.00
4300.0,9548.00,9548.00,9548.00
4350.0,9568.00,9568.00,9568.00
4400.0,9588.00,9588.00,9588.00
4450.0,9608.00,9608.00,9608.00
4500.0,9628.00,9628.00,9628.00
4550.0,9648.00,9648.00,9648.00
4600.0,9668.00,9668.00,9668.00
4650.0,9688.00,9688.00,9688.00
4700.0,9708.00,9708.00,9708.00
4750.0,9728.00,9728.00,9728.00
4800.0,9748.00,9748.00,9748.00
4850.0,9768.00,9768.00,9768.00
4900.0,9788.00,9788.00,9788.00
4950.0,9808.00,9808.00,9808.00
5000.0,9828.00,9828.00,9828.00
5050.0,9848.00,9848.00,9848.00
5100.0,9868.00,9868.00,9868.00
5150.0,9888.00,9888.00,9888.00
5200.0,9908.00,9908.00,9908.00
5250.0,9928.00,9928.00,9928.00
5300.0,9948.00,9948.00,9948.00
5350.0,9968.00,9968.00,9968.00
5400.0,9988.00,9988.00,9988.00
5450.0,10008.00,10008.00,10008.00
5500.0,10028.00,10028.00,10028.00
5550.0,10048.00,10048.00,10048.00
5600.0,10068.00,10068.00,10068.00
5650.0,10088.00,10088.00,10088.00
5700.0,10108.00,10108.00,10108.00
5750.0,10128.00,10128.00,10128.00
5800.0,10148.00,10148.00,10148.00
5850.0,10168.00,10168.00,10168.00
5900.0,10188.00,10188.00,10188.00
5950.0,10208.00,10208.00,10208.00
6000.0,10228.00,10228.00,10228.00
6050.0,10248.00,10248.00,10248.00
6100.0,10268.00,10268.00,10268.00
6150.0,10288.00,10288.00,10288.00
6200.0,10308.00,10308.00,10308.00
6250.0,10328.00,10328.00,10328.00
6300.0,10348.00,10348.00,10348.00
6350.0,10368.00,10368.00,10368.00
6400.0,10388.00,10388.00,10388.00
6450.0,10408.00,10408.00,10408.00
6500.0,10428.00,10428.00,10428.00
6550.0,10448.00,10448.00,10448.00
6600.0,10468.00,10468.00,10468.00
6650.0,10488.00,10488.00,10488.00
6700.0,10508.00,10508.00,10508.00
6750.0,10528.00,10528.00,10528.00
6800.0,10548.00,10548.00,10548.00
6850.0,10568.00,10568.00,10568.00
6900.0,10588.00,10588.00,10588.00
6950.0,10608.00,10608.00,10608.00
7000.0,10628.00,10628.00,10628.00
7050.0,10648.00,10648.00,10648.00
7100.0,10668.00,10668.00,10668.00
7150.0,10688.00,10688.00,10688.00
7200.0,10708.00,10708.00,10708.00
7250.0,10728.00,10728.00,10728.00
7300.0,10748.00,10748.00,10748.00
7350.0,10768.00,10768.00,10768.00
7400.0,10788.00,10788.00,10788.00
7450.0,10808.00,10808.00,10808.00
7500.0,10828.00,10828.00,10828.00
7550.0,10848.00,10848.00,10848.00
7600.0,10868.00,10868.00,10868.00
7650.0,10888.00,10888.00,10888.00
7700.0,10908.00,10908.00,10908.00
7750.0,10928.00,10928.00,10928.00
7800.0,10948.00,10948.00,10948.00
7850.0,10968.00,10968.00,10968.00
7900.0,10988.00,10988.00,10988.00
7950.0,11008.00,11008.00,11008.00
8000.0,11028.00,11028.00,11028.00
