step,mean,ci_down,ci_up
100.0,25.00,25.00,25.00
150.0,202.00,202.00,202.00
200.0,202.00,202.00,202.00
250.0,202.00,202.00,202.00
300.0,202.00,202.00,202.00
350.0,202.00,202.00,202.00
400.0,202.00,202.00,202.00
450.0,202.00,202.00,202.00
500.0,202.00,202.00,202.00
550.0,202.00,202.00,202.00
600.0,202.00,202.00,202.00
650.0,202.00,202.00,202.00
700.0,202.00,202.00,202.00
750.0,202.00,202.00,202.00
800.0,202.00,202.00,202.00
850.0,202.00,202.00,202.00
900.0,202.00,202.00,202.00
950.0,202.00,202.00,202.00
1000.0,202.00,202.00,202.00
1050.0,202.00,202.00,202.00
1100.0,202.00,202.00,202.00
1150.0,202.00,202.00,202.00
1200.0,202.00,202.00,202.00
1250.0,202.00,202.00,202.00
1300.0,202.00,202.00,202.00
1350.0,202.00,202.00,202.00
1400.0,202.00,202.00,202.00
1450.0,202.00,202.00,202.00
1500.0,202.00,202.00,202.00
1550.0,202.00,202.00,202.00
1600.0,202.00,202.00,202.00
1650.0,202.00,202.00,202.00
1700.0,202.00,202.00,202.00
1750.0,202.00,202.00,202.00
1800.0,202.00,202.00,202.00
1850.0,202.00,202.00,202.00
1900.0,202.00,202.00,202.00
1950.0,202.00,202.00,202.00
2000.0,202.00,202.00,202.00
2050.0,202.00,202.00,202.00
2100.0,202.00,202.00,202.00
2150.0,202.00,202.00,202.00
2200.0,202.00,202.00,202.00
2250.0,202.00,202.00,202.00
2300.0,202.00,202.00,202.00
2350.0,202.00,202.00,202.00
2400.0,202.00,202.00,202.00
2450.0,202.00,202.00,202.00
2500.0,202.00,202.00,202.00
2550.0,202.00,202.00,202.00
2600.0,202.00,202.00,202.00
2650.0,202.00,202.00,202.00
2700.0,20.00,20.00,20.00
2750.0,20.00,20.00,20.00
2800.0,20.00,20.00,20.00
2850.0,20.00,20.00,20.00
2900.0,20.00,20.00,20.00
2950.0,20.00,20.00,20.00
3000.0,20.00,20.00,20.00
3050.0,20.00,20.00,20.00
3100.0,20.00,20.00,20.00
3150.0,20.00,20.00,20.00
3200.0,20.00,20.00,20.00
3250.0,20.00,20.00,20.00
3300.0,20.00,20.00,20.00
3350.0,20.00,20.00,20.00
3400.0,20.00,20.00,20.00
3450.0,20.00,20.00,20.00
3500.0,20.00,20.00,20.00
3550.0,20.00,20.00,20.00
3600.0,20.00,20.00,20.00
3650.0,20.00,20.00,20.00
3700.0,20.00,20.00,20.00
3750.0,20.00,20.00,20.00
3800.0,20.00,20.00,20.00
3850.0,20.00,20.00,20.00
3900.0,20.00,20.00,20.00
3950.0,20.00,20.00,20.00
4000.0,20.00,20.00,20.00
4050.0,20.00,20.00,20.00
4100.0,20.00,20.00,20.00
4150.0,20.00,20.00,20.00
4200.0,20.00,20.00,20.00
4250.0,20.00,20.00,20.00
4300.0,20.00,20.00,20.00
4350.0,20.00,20.00,20.00
4400.0,20.00,20.00,20.00
4450.0,20.00,20.00,20.00
4500.0,20.00,20.00,20.00
4550.0,20.00,20.00,20.00
4600.0,20.00,20.00,20.00
4650.0,20.00,20.00,20.00
4700.0,20.00,20.00,20.00
4750.0,20.00,20.00,20.00
4800.0,20.00,20.00,20.00
4850.0,20.00,20.00,20.00
4900.0,20.00,20.00,20.00
4950.0,20.00,20.00,20.00
5000.0,20.00,20.00,20.00
5050.0,20.00,20.00,20.00
5100.0,20.00,20.00,20.00
5150.0,20.00,20.00,20.00
5200.0,20.00,20.00,20.00
5250.0,20.00,20.00,20.00
5300.0,20.00,20.00,20.00
5350.0,20.00,20.00,20.00
5400.0,20.00,20.00,20.00
5450.0,20.00,20.00,20.00
5500.0,20.00,20.00,20.00
5550.0,20.00,20.00,20.00
5600.0,20.00,20.00,20.00
5650.0,20.00,20.00,20.00
5700.0,20.00,20.00,20.00
5750.0,20.00,20.00,20.00
5800.0,20.00,20.00,20.00
5850.0,20.00,20.00,20.00
5900.0,20.00,20.00,20.00
5950.0,20.00,20.00,20.00
6000.0,20.00,20.00,20.00
6050.0,20.00,20.00,20.00
6100.0,20.00,20.00,20.00
6150.0,20.00,20.00,20.00
6200.0,20.00,20.00,20.00
6250.0,20.00,20.00,20.00
6300.0,20.00,20.00,20.00
6350.0,20.00,20.00,20.00
6400.0,20.00,20.00,20.00
6450.0,20.00,20.00,20.00
6500.0,20.00,20.00,20.00
6550.0,20.00,20.00,20.00
6600.0,20.00,20.00,20.00
6650.0,20.00,20.00,20.00
6700.0,20.00,20.00,20.00
6750.0,20.00,20.00,20.00
6800.0,20.00,20.00,20.00
6850.0,20.00,20.00,20.00
6900.0,20.00,20.00,20.00
6950.0,20.00,20.00,20.00
7000.0,20.00,20.00,20.00
7050.0,20.00,20.00,20.00
7100.0,20.00,20.00,20.00
7150.0,20.00,20.00,20.00
7200.0,20.00,20.00,20.00
7250.0,20.00,20.00,20.00
7300.0,20.00,20.00,20.00
7350.0,20.00,20.00,20.00
7400.0,20.00,20.00,20.00
7450.0,20.00,20.00,20.00
7500.0,20.00,20.00,20.00
7550.0,20.00,20.00,20.00
7600.0,20.00,20.00,20.00
7650.0,20.00,20.00,20.00
7700.0,20.00,20.00,20.00
7750.0,20.00,20.00,20.00
7800.0,20.00,20.00,20.00
7850.0,20.00,20.00,20.00
7900.0,20.00,20.00,20.00
7950.0,20.00,20.00,20.00
8000.0,20.00,20.00,20.00
