step,mean,ci_down,ci_up
10000.0,75.08,71.63,78.54
12000.0,151.72,146.49,156.95
14000.0,231.59,225.41,237.77
16000.0,316.51,308.67,324.34
18000.0,401.06,391.60,410.52
20000.0,490.45,479.56,501.33
22000.0,578.27,566.07,590.48
24000.0,667.00,653.99,680.01
26000.0,754.53,739.27,769.80
28000.0,844.39,827.64,861.13
30000.0,936.27,918.24,954.30
32000.0,1028.89,1009.52,1048.26
34000.0,1124.22,1103.87,1144.57
36000.0,1216.04,1195.02,1237.05
38000.0,1308.49,1285.85,1331.14
40000.0,1402.84,1379.70,1425.97
42000.0,1499.43,1476.09,1522.78
44000.0,1595.34,1570.95,1619.74
46000.0,1691.81,1666.49,1717.12
48000.0,1788.00,1760.61,1815.38
50000.0,1886.04,1857.21,1914.87
52000.0,1984.46,1954.10,2014.83
54000.0,2081.68,2049.60,2113.75
56000.0,2182.45,2149.37,2215.53
58000.0,2282.34,2248.84,2315.84
60000.0,2381.84,2347.92,2415.76
62000.0,2478.67,2443.95,2513.40
64000.0,2576.77,2541.05,2612.49
66000.0,2672.14,2635.61,2708.66
68000.0,2769.24,2731.52,2806.97
70000.0,2868.53,2829.98,2907.09
72000.0,2970.89,2932.16,3009.62
74000.0,3071.33,3031.74,3110.92
76000.0,3170.19,3129.78,3210.60
78000.0,3271.82,3230.64,3313.01
80000.0,3375.92,3334.15,3417.69
82000.0,3477.25,3434.04,3520.46
84000.0,3579.03,3534.31,3623.75
86000.0,3680.62,3635.00,3726.23
88000.0,3781.66,3735.11,3828.20
90000.0,3881.50,3834.21,3928.79
92000.0,3979.37,3930.39,4028.36
94000.0,4077.06,4026.16,4127.96
96000.0,4178.24,4126.58,4229.91
98000.0,4280.01,4227.80,4332.22
100000.0,4382.18,4328.40,4435.96
