step,mean,ci_down,ci_up
0.0,29.24,23.98,34.51
2000.0,75.91,69.78,82.03
4000.0,131.80,124.76,138.84
6000.0,196.93,183.50,210.36
8000.0,273.36,257.94,288.78
10000.0,351.36,333.06,369.65
12000.0,415.19,401.58,428.80
14000.0,496.24,466.17,526.30
16000.0,575.95,530.96,620.95
18000.0,668.50,612.42,724.58
20000.0,763.87,693.60,834.14
22000.0,858.81,781.36,936.25
24000.0,941.68,857.90,1025.46
26000.0,1035.95,950.27,1121.64
28000.0,1123.98,1026.73,1221.24
30000.0,1208.06,1099.81,1316.32
32000.0,1297.94,1186.85,1409.02
34000.0,1382.05,1269.92,1494.19
36000.0,1470.69,1352.69,1588.69
38000.0,1560.37,1440.97,1679.76
40000.0,1659.09,1539.98,1778.21
42000.0,1754.36,1629.10,1879.62
44000.0,1846.32,1712.20,1980.43
46000.0,1934.02,1790.64,2077.39
48000.0,2028.15,1874.13,2182.17
50000.0,2119.98,1956.00,2283.97
52000.0,2220.25,2045.06,2395.44
54000.0,2318.98,2144.55,2493.41
56000.0,2419.68,2242.51,2596.84
58000.0,2512.72,2336.72,2688.72
60000.0,2612.29,2431.62,2792.96
62000.0,2716.33,2519.78,2912.87
64000.0,2811.54,2605.69,3017.39
66000.0,2906.21,2693.53,3118.89
68000.0,3010.55,2794.49,3226.61
70000.0,3107.40,2893.66,3321.13
72000.0,3208.52,2981.37,3435.67
74000.0,3302.28,3068.37,3536.19
76000.0,3409.53,3163.14,3655.91
78000.0,3517.78,3267.74,3767.81
80000.0,3616.23,3362.18,3870.27
82000.0,3716.89,3452.62,3981.16
84000.0,3809.54,3542.35,4076.73
86000.0,3903.80,3631.50,4176.10
88000.0,3998.80,3718.30,4279.30
90000.0,4088.58,3800.78,4376.38
92000.0,4189.76,3898.97,4480.55
94000.0,4288.17,3998.16,4578.18
96000.0,4393.18,4100.44,4685.91
98000.0,4495.27,4196.42,4794.12
