step,mean,ci_down,ci_up
10000.0,12.94,11.15,14.73
12000.0,27.41,24.97,29.84
14000.0,41.69,38.83,44.55
16000.0,55.63,52.29,58.97
18000.0,71.20,67.28,75.12
20000.0,86.47,81.97,90.97
22000.0,101.59,96.77,106.41
24000.0,119.04,113.23,124.85
26000.0,134.59,128.08,141.11
28000.0,150.57,143.45,157.69
30000.0,168.00,160.30,175.70
32000.0,185.84,177.46,194.22
34000.0,201.61,192.92,210.30
36000.0,217.02,207.59,226.45
38000.0,233.88,223.84,243.91
40000.0,250.29,240.00,260.57
42000.0,268.31,257.63,278.98
44000.0,284.67,273.71,295.63
46000.0,300.10,288.45,311.75
48000.0,315.35,303.47,327.23
50000.0,331.84,319.88,343.80
52000.0,347.98,335.69,360.27
54000.0,364.76,351.80,377.71
56000.0,380.24,366.99,393.50
58000.0,396.27,382.72,409.81
60000.0,412.67,398.93,426.42
62000.0,429.14,414.95,443.33
64000.0,445.67,431.47,459.88
66000.0,462.57,448.42,476.73
68000.0,480.10,465.54,494.67
70000.0,496.69,481.54,511.85
72000.0,512.76,497.24,528.27
74000.0,530.80,514.93,546.66
76000.0,549.18,533.32,565.05
78000.0,565.92,549.78,582.06
80000.0,583.76,567.34,600.17
82000.0,601.67,585.20,618.15
84000.0,619.27,602.73,635.80
86000.0,636.84,620.32,653.36
88000.0,655.37,638.72,672.01
90000.0,672.49,655.84,689.13
92000.0,689.69,672.89,706.50
94000.0,708.00,690.99,725.01
96000.0,725.22,708.10,742.35
98000.0,741.69,724.50,758.88
100000.0,758.10,740.50,775.70
