step,mean,ci_down,ci_up
0.0,2.20,0.87,3.53
2000.0,9.20,6.55,11.85
4000.0,19.00,13.07,24.93
6000.0,32.20,22.83,41.57
8000.0,43.80,31.15,56.45
10000.0,58.40,41.86,74.94
12000.0,70.80,56.84,84.76
14000.0,83.80,69.84,97.76
16000.0,95.80,82.88,108.72
18000.0,108.40,94.07,122.73
20000.0,122.00,108.52,135.48
22000.0,140.20,125.30,155.10
24000.0,155.60,136.44,174.76
26000.0,174.60,152.23,196.97
28000.0,196.40,174.56,218.24
30000.0,219.20,197.45,240.95
32000.0,235.80,212.52,259.08
34000.0,252.20,229.35,275.05
36000.0,268.20,242.78,293.62
38000.0,284.80,258.75,310.85
40000.0,301.60,273.32,329.88
42000.0,318.80,286.01,351.59
44000.0,333.40,293.62,373.18
46000.0,349.40,306.11,392.69
48000.0,367.40,321.86,412.94
50000.0,388.00,339.93,436.07
52000.0,410.20,358.47,461.93
54000.0,426.80,372.19,481.41
56000.0,442.40,386.60,498.20
58000.0,462.80,404.27,521.33
60000.0,483.20,423.50,542.90
62000.0,501.40,441.44,561.36
64000.0,518.80,456.07,581.53
66000.0,537.00,471.34,602.66
68000.0,552.20,483.07,621.33
70000.0,569.20,500.76,637.64
72000.0,589.60,519.83,659.37
74000.0,609.60,540.76,678.44
76000.0,621.60,553.51,689.69
78000.0,638.60,570.93,706.27
80000.0,656.00,588.91,723.09
82000.0,671.60,605.55,737.65
84000.0,691.60,631.19,752.01
86000.0,714.40,656.27,772.53
88000.0,734.60,677.26,791.94
90000.0,751.00,695.68,806.32
92000.0,770.40,713.44,827.36
94000.0,787.60,730.50,844.70
96000.0,802.00,744.95,859.05
98000.0,816.00,758.61,873.39
