step,mean,ci_down,ci_up
2000.0,2.20,1.09,3.31
4000.0,6.18,5.21,7.14
6000.0,10.47,9.17,11.77
8000.0,12.86,11.61,14.10
10000.0,12.94,11.44,14.43
12000.0,14.47,13.30,15.64
14000.0,14.28,12.79,15.77
16000.0,13.88,12.46,15.30
18000.0,15.58,14.18,16.98
20000.0,15.36,13.89,16.83
22000.0,14.94,13.58,16.30
24000.0,17.48,15.96,19.00
26000.0,15.56,14.11,17.01
28000.0,15.98,14.86,17.10
30000.0,17.48,16.19,18.77
32000.0,17.88,16.45,19.31
34000.0,15.80,14.27,17.33
36000.0,15.48,14.15,16.81
38000.0,16.84,15.48,18.20
40000.0,16.42,15.00,17.84
42000.0,17.98,16.64,19.32
44000.0,16.40,15.18,17.62
46000.0,15.64,14.01,17.27
48000.0,15.26,13.88,16.64
50000.0,16.34,15.25,17.43
52000.0,16.06,14.64,17.48
54000.0,16.80,15.39,18.21
56000.0,15.42,14.06,16.78
58000.0,16.28,15.01,17.55
60000.0,16.54,15.17,17.91
62000.0,16.46,15.23,17.69
64000.0,16.56,15.38,17.74
66000.0,16.84,15.53,18.15
68000.0,17.46,15.94,18.98
70000.0,16.60,15.16,18.04
72000.0,15.98,14.73,17.23
74000.0,18.14,16.67,19.61
76000.0,18.24,16.88,19.60
78000.0,16.70,15.30,18.10
80000.0,17.88,16.60,19.16
82000.0,17.60,16.06,19.14
84000.0,17.59,16.03,19.15
86000.0,17.57,16.10,19.04
88000.0,18.53,16.94,20.12
90000.0,17.12,15.90,18.34
92000.0,17.20,15.73,18.68
94000.0,18.31,17.04,19.57
96000.0,17.22,15.86,18.58
98000.0,16.47,15.25,17.69
100000.0,16.41,15.00,17.81
