step,mean,ci_down,ci_up
1050.0,173.91,159.88,187.94
1100.0,350.67,330.68,370.66
1150.0,541.08,518.51,563.65
1200.0,727.08,699.84,754.32
1250.0,911.07,883.11,939.03
1300.0,1106.19,1075.84,1136.54
1350.0,1284.49,1249.95,1319.04
1400.0,1486.49,1451.95,1521.04
1450.0,1679.30,1643.96,1714.64
1500.0,1872.17,1836.03,1908.31
1550.0,2056.21,2015.69,2096.74
1600.0,2252.99,2209.98,2296.00
1650.0,2445.85,2399.65,2492.05
1700.0,2643.27,2596.64,2689.89
1750.0,2830.98,2783.98,2877.98
1800.0,3021.62,2970.92,3072.32
1850.0,3221.27,3170.63,3271.92
1900.0,3413.52,3362.04,3465.00
1950.0,3610.50,3558.13,3662.87
2000.0,3810.06,3757.23,3862.90
2050.0,4006.84,3954.23,4059.45
2100.0,4207.18,4152.84,4261.53
2150.0,4401.38,4344.19,4458.57
2200.0,4601.62,4543.81,4659.44
2250.0,4797.45,4740.07,4854.82
2300.0,4994.90,4937.17,5052.63
2350.0,5195.14,5137.24,5253.04
2400.0,5397.14,5339.24,5455.04
2450.0,5599.14,5541.24,5657.04
2500.0,5801.14,5743.24,5859.04
2550.0,6003.14,5945.24,6061.04
2600.0,6205.14,6147.24,6263.04
2650.0,6407.14,6349.24,6465.04
2700.0,6609.14,6551.24,6667.04
2750.0,6811.14,6753.24,6869.04
2800.0,7013.14,6955.24,7071.04
2850.0,7215.14,7157.24,7273.04
2900.0,7414.71,7355.71,7473.72
2950.0,7616.71,7557.71,7675.72
3000.0,7818.71,7759.71,7877.72
3050.0,8020.71,7961.71,8079.72
3100.0,8222.71,8163.71,8281.72
3150.0,8424.71,8365.71,8483.72
3200.0,8626.71,8567.71,8685.72
3250.0,8828.71,8769.71,8887.72
3300.0,9030.71,8971.71,9089.72
3350.0,9232.71,9173.71,9291.72
3400.0,9434.71,9375.71,9493.72
3450.0,9636.71,9577.71,9695.72
3500.0,9838.71,9779.71,9897.72
3550.0,10040.71,9981.71,10099.72
3600.0,10242.71,10183.71,10301.72
3650.0,10444.71,10385.71,10503.72
3700.0,10646.71,10587.71,10705.72
3750.0,10848.71,10789.71,10907.72
3800.0,11050.71,10991.71,11109.72
3850.0,11252.71,11193.71,11311.72
3900.0,11454.71,11395.71,11513.72
3950.0,11656.71,11597.71,11715.72
4000.0,11858.71,11799.71,11917.72
4050.0,12060.71,12001.71,12119.72
4100.0,12262.71,12203.71,12321.72
4150.0,12464.14,12405.01,12523.26
4200.0,12666.14,12607.01,12725.26
4250.0,12868.14,12809.01,12927.26
4300.0,13070.14,13011.01,13129.26
4350.0,13272.14,13213.01,13331.26
4400.0,13474.14,13415.01,13533.26
4450.0,13676.14,13617.01,13735.26
4500.0,13878.14,13819.01,13937.26
4550.0,14080.14,14021.01,14139.26
4600.0,14282.14,14223.01,14341.26
4650.0,14484.14,14425.01,14543.26
4700.0,14686.14,14627.01,14745.26
4750.0,14888.14,14829.01,14947.26
4800.0,15090.14,15031.01,15149.26
4850.0,15292.14,15233.01,15351.26
4900.0,15494.14,15435.01,15553.26
4950.0,15696.14,15637.01,15755.26
5000.0,15898.14,15839.01,15957.26
5050.0,16100.14,16041.01,16159.26
5100.0,16302.14,16243.01,16361.26
5150.0,16504.14,16445.01,16563.26
5200.0,16706.14,16647.01,16765.26
5250.0,16908.14,16849.01,16967.26
5300.0,17110.14,17051.01,17169.26
5350.0,17312.14,17253.01,17371.26
5400.0,17514.14,17455.01,17573.26
5450.0,17716.14,17657.01,17775.26
5500.0,17918.14,17859.01,17977.26
5550.0,18120.14,18061.01,18179.26
5600.0,18322.14,18263.01,18381.26
5650.0,18524.14,18465.01,18583.26
5700.0,18726.14,18667.01,18785.26
5750.0,18928.14,18869.01,18987.26
5800.0,19130.14,19071.01,19189.26
5850.0,19332.14,19273.01,19391.26
5900.0,19534.14,19475.01,19593.26
5950.0,19736.14,19677.01,19795.26
6000.0,19938.14,19879.01,19997.26
6050.0,20140.14,20081.01,20199.26
6100.0,20342.14,20283.01,20401.26
6150.0,20544.14,20485.01,20603.26
6200.0,20746.14,20687.01,20805.26
6250.0,20948.14,20889.01,21007.26
6300.0,21150.14,21091.01,21209.26
6350.0,21352.14,21293.01,21411.26
6400.0,21554.14,21495.01,21613.26
6450.0,21756.14,21697.01,21815.26
6500.0,21958.14,21899.01,22017.26
6550.0,22160.14,22101.01,22219.26
6600.0,22362.14,22303.01,22421.26
6650.0,22564.14,22505.01,22623.26
6700.0,22766.14,22707.01,22825.26
6750.0,22968.14,22909.01,23027.26
6800.0,23170.14,23111.01,23229.26
6850.0,23372.14,23313.01,23431.26
6900.0,23574.14,23515.01,23633.26
6950.0,23776.14,23717.01,23835.26
7000.0,23978.14,23919.01,24037.26
7050.0,24180.14,24121.01,24239.26
7100.0,24382.14,24323.01,24441.26
7150.0,24584.14,24525.01,24643.26
7200.0,24786.14,24727.01,24845.26
7250.0,24988.14,24929.01,25047.26
7300.0,25190.14,25131.01,25249.26
7350.0,25392.14,25333.01,25451.26
7400.0,25594.14,25535.01,25653.26
7450.0,25796.14,25737.01,25855.26
7500.0,25998.14,25939.01,26057.26
7550.0,26200.14,26141.01,26259.26
7600.0,26402.14,26343.01,26461.26
7650.0,26604.14,26545.01,26663.26
7700.0,26806.14,26747.01,26865.26
7750.0,27008.14,26949.01,27067.26
7800.0,27210.14,27151.01,27269.26
7850.0,27412.14,27353.01,27471.26
7900.0,27614.14,27555.01,27673.26
7950.0,27816.14,27757.01,27875.26
8000.0,28018.14,27959.01,28077.26
