step,mean,ci_down,ci_up
0.0,-10.00,-10.00,-10.00
50.0,-20.00,-20.00,-20.00
100.0,-30.00,-30.00,-30.00
150.0,-40.00,-40.00,-40.00
200.0,-3181.00,-3181.00,-3181.00
250.0,-4057.57,-4057.57,-4057.57
300.0,-4067.57,-4067.57,-4067.57
350.0,-4796.45,-4796.45,-4796.45
400.0,-4806.45,-4806.45,-4806.45
450.0,-4816.45,-4816.45,-4816.45
500.0,-4826.45,-4826.45,-4826.45
550.0,-4836.45,-4836.45,-4836.45
600.0,-4846.45,-4846.45,-4846.45
650.0,-4856.45,-4856.45,-4856.45
700.0,-4866.45,-4866.45,-4866.45
750.0,-4876.45,-4876.45,-4876.45
800.0,-4886.45,-4886.45,-4886.45
850.0,-4896.45,-4896.45,-4896.45
900.0,-4906.45,-4906.45,-4906.45
950.0,-4916.45,-4916.45,-4916.45
1000.0,-4926.45,-4926.45,-4926.45
1050.0,-4936.45,-4936.45,-4936.45
1100.0,-4946.45,-4946.45,-4946.45
1150.0,-4956.45,-4956.45,-4956.45
1200.0,-4966.45,-4966.45,-4966.45
1250.0,-4976.45,-4976.45,-4976.45
1300.0,-4986.45,-4986.45,-4986.45
1350.0,-4996.45,-4996.45,-4996.45
1400.0,-5006.45,-5006.45,-5006.45
1450.0,-5016.45,-5016.45,-5016.45
1500.0,-5026.45,-5026.45,-5026.45
1550.0,-5036.45,-5036.45,-5036.45
1600.0,-5046.45,-5046.45,-5046.45
1650.0,-5056.45,-5056.45,-5056.45
1700.0,-5066.45,-5066.45,-5066.45
1750.0,-5076.45,-5076.45,-5076.45
1800.0,-5086.45,-5086.45,-5086.45
1850.0,-5096.45,-5096.45,-5096.45
1900.0,-5106.45,-5106.45,-5106.45
1950.0,-5116.45,-5116.45,-5116.45
2000.0,-5126.45,-5126.45,-5126.45
2050.0,-5136.45,-5136.45,-5136.45
2100.0,-5146.45,-5146.45,-5146.45
2150.0,-5156.45,-5156.45,-5156.45
2200.0,-5166.45,-5166.45,-5166.45
2250.0,-5176.45,-5176.45,-5176.45
2300.0,-5186.45,-5186.45,-5186.45
2350.0,-5196.45,-5196.45,-5196.45
2400.0,-5206.45,-5206.45,-5206.45
2450.0,-5216.45,-5216.45,-5216.45
2500.0,-5226.45,-5226.45,-5226.45
2550.0,-5236.45,-5236.45,-5236.45
2600.0,-5246.45,-5246.45,-5246.45
2650.0,-5256.45,-5256.45,-5256.45
2700.0,-5266.45,-5266.45,-5266.45
2750.0,-5276.45,-5276.45,-5276.45
2800.0,-5286.45,-5286.45,-5286.45
2850.0,-5296.45,-5296.45,-5296.45
2900.0,-5306.45,-5306.45,-5306.45
2950.0,-5316.45,-5316.45,-5316.45
3000.0,-5326.45,-5326.45,-5326.45
3050.0,-5336.45,-5336.45,-5336.45
3100.0,-5346.45,-5346.45,-5346.45
3150.0,-5356.45,-5356.45,-5356.45
3200.0,-5366.45,-5366.45,-5366.45
3250.0,-5376.45,-5376.45,-5376.45
3300.0,-5386.45,-5386.45,-5386.45
3350.0,-5396.45,-5396.45,-5396.45
3400.0,-5406.45,-5406.45,-5406.45
3450.0,-5416.45,-5416.45,-5416.45
3500.0,-5426.45,-5426.45,-5426.45
3550.0,-5436.45,-5436.45,-5436.45
3600.0,-5446.45,-5446.45,-5446.45
3650.0,-5456.45,-5456.45,-5456.45
3700.0,-5466.45,-5466.45,-5466.45
3750.0,-5476.45,-5476.45,-5476.45
3800.0,-5486.45,-5486.45,-5486.45
3850.0,-5496.45,-5496.45,-5496.45
3900.0,-5506.45,-5506.45,-5506.45
3950.0,-5516.45,-5516.45,-5516.45
4000.0,-5526.45,-5526.45,-5526.45
4050.0,-5536.45,-5536.45,-5536.45
4100.0,-5546.45,-5546.45,-5546.45
4150.0,-5556.45,-5556.45,-5556.45
4200.0,-5566.45,-5566.45,-5566.45
4250.0,-5576.45,-5576.45,-5576.45
4300.0,-5586.45,-5586.45,-5586.45
4350.0,-5596.45,-5596.45,-5596.45
4400.0,-5606.45,-5606.45,-5606.45
4450.0,-5616.45,-5616.45,-5616.45
4500.0,-5626.45,-5626.45,-5626.45
4550.0,-5636.45,-5636.45,-5636.45
4600.0,-5646.45,-5646.45,-5646.45
4650.0,-5656.45,-5656.45,-5656.45
4700.0,-5666.45,-5666.45,-5666.45
4750.0,-5676.45,-5676.45,-5676.45
4800.0,-5686.45,-5686.45,-5686.45
4850.0,-5696.45,-5696.45,-5696.45
4900.0,-5706.45,-5706.45,-5706.45
4950.0,-5716.45,-5716.45,-5716.45
5000.0,-5726.45,-5726.45,-5726.45
5050.0,-5736.45,-5736.45,-5736.45
5100.0,-5746.45,-5746.45,-5746.45
5150.0,-5756.45,-5756.45,-5756.45
5200.0,-5766.45,-5766.45,-5766.45
5250.0,-5776.45,-5776.45,-5776.45
5300.0,-5786.45,-5786.45,-5786.45
5350.0,-5796.45,-5796.45,-5796.45
5400.0,-5806.45,-5806.45,-5806.45
5450.0,-5816.45,-5816.45,-5816.45
5500.0,-5826.45,-5826.45,-5826.45
5550.0,-5836.45,-5836.45,-5836.45
5600.0,-5846.45,-5846.45,-5846.45
5650.0,-5856.45,-5856.45,-5856.45
5700.0,-5866.45,-5866.45,-5866.45
5750.0,-5876.45,-5876.45,-5876.45
5800.0,-5886.45,-5886.45,-5886.45
5850.0,-5896.45,-5896.45,-5896.45
5900.0,-5906.45,-5906.45,-5906.45
5950.0,-5916.45,-5916.45,-5916.45
6000.0,-5926.45,-5926.45,-5926.45
6050.0,-5936.45,-5936.45,-5936.45
6100.0,-5946.45,-5946.45,-5946.45
6150.0,-5956.45,-5956.45,-5956.45
6200.0,-5966.45,-5966.45,-5966.45
6250.0,-5976.45,-5976.45,-5976.45
6300.0,-5986.45,-5986.45,-5986.45
6350.0,-5996.45,-5996.45,-5996.45
6400.0,-6006.45,-6006.45,-6006.45
6450.0,-6016.45,-6016.45,-6016.45
6500.0,-6026.45,-6026.45,-6026.45
6550.0,-6036.45,-6036.45,-6036.45
6600.0,-6046.45,-6046.45,-6046.45
6650.0,-6056.45,-6056.45,-6056.45
6700.0,-6066.45,-6066.45,-6066.45
6750.0,-6076.45,-6076.45,-6076.45
6800.0,-6086.45,-6086.45,-6086.45
6850.0,-6096.45,-6096.45,-6096.45
6900.0,-6106.45,-6106.45,-6106.45
6950.0,-6116.45,-6116.45,-6116.45
7000.0,-6126.45,-6126.45,-6126.45
7050.0,-6136.45,-6136.45,-6136.45
7100.0,-6146.45,-6146.45,-6146.45
7150.0,-6156.45,-6156.45,-6156.45
7200.0,-6166.45,-6166.45,-6166.45
7250.0,-6176.45,-6176.45,-6176.45
