step,mean,ci_down,ci_up
1050.0,-328.50,-505.43,-151.57
1100.0,-573.88,-806.73,-341.02
1150.0,-719.11,-982.77,-455.44
1200.0,-910.73,-1214.89,-606.57
1250.0,-1087.03,-1409.42,-764.65
1300.0,-1153.53,-1507.68,-799.38
1350.0,-1313.68,-1687.19,-940.16
1400.0,-1323.68,-1697.19,-950.16
1450.0,-1427.60,-1801.97,-1053.23
1500.0,-1480.73,-1861.53,-1099.92
1550.0,-1626.95,-2042.68,-1211.22
1600.0,-1677.13,-2114.34,-1239.92
1650.0,-1766.83,-2232.35,-1301.30
1700.0,-1790.40,-2255.56,-1325.24
1750.0,-1863.29,-2326.39,-1400.19
1800.0,-1972.77,-2458.90,-1486.65
1850.0,-1992.94,-2479.26,-1506.62
1900.0,-2051.57,-2534.90,-1568.23
1950.0,-2111.46,-2601.71,-1621.20
2000.0,-2124.55,-2614.82,-1634.28
2050.0,-2159.27,-2646.87,-1671.68
2100.0,-2175.60,-2669.82,-1681.37
2150.0,-2245.35,-2774.67,-1716.03
2200.0,-2259.43,-2789.10,-1729.76
2250.0,-2318.27,-2862.29,-1774.25
2300.0,-2375.61,-2924.17,-1827.05
2350.0,-2403.97,-2956.47,-1851.48
2400.0,-2413.97,-2966.47,-1861.48
2450.0,-2423.97,-2976.47,-1871.48
2500.0,-2433.97,-2986.47,-1881.48
2550.0,-2443.97,-2996.47,-1891.48
2600.0,-2453.97,-3006.47,-1901.48
2650.0,-2481.86,-3037.00,-1926.71
2700.0,-2491.86,-3047.00,-1936.71
2750.0,-2501.86,-3057.00,-1946.71
2800.0,-2511.86,-3067.00,-1956.71
2850.0,-2521.86,-3077.00,-1966.71
2900.0,-2538.71,-3095.04,-1982.39
2950.0,-2548.71,-3105.04,-1992.39
3000.0,-2558.71,-3115.04,-2002.39
3050.0,-2568.71,-3125.04,-2012.39
3100.0,-2578.71,-3135.04,-2022.39
3150.0,-2588.71,-3145.04,-2032.39
3200.0,-2598.71,-3155.04,-2042.39
3250.0,-2608.71,-3165.04,-2052.39
3300.0,-2618.71,-3175.04,-2062.39
3350.0,-2628.71,-3185.04,-2072.39
3400.0,-2638.71,-3195.04,-2082.39
3450.0,-2648.71,-3205.04,-2092.39
3500.0,-2658.71,-3215.04,-2102.39
3550.0,-2668.71,-3225.04,-2112.39
3600.0,-2678.71,-3235.04,-2122.39
3650.0,-2688.71,-3245.04,-2132.39
3700.0,-2698.71,-3255.04,-2142.39
3750.0,-2708.71,-3265.04,-2152.39
3800.0,-2718.71,-3275.04,-2162.39
3850.0,-2728.71,-3285.04,-2172.39
3900.0,-2738.71,-3295.04,-2182.39
3950.0,-2748.71,-3305.04,-2192.39
4000.0,-2758.71,-3315.04,-2202.39
4050.0,-2768.71,-3325.04,-2212.39
4100.0,-2778.71,-3335.04,-2222.39
4150.0,-2792.83,-3349.67,-2235.98
4200.0,-2802.83,-3359.67,-2245.98
4250.0,-2812.83,-3369.67,-2255.98
4300.0,-2822.83,-3379.67,-2265.98
4350.0,-2834.87,-3391.43,-2278.31
4400.0,-2844.87,-3401.43,-2288.31
4450.0,-2854.87,-3411.43,-2298.31
4500.0,-2864.87,-3421.43,-2308.31
4550.0,-2874.87,-3431.43,-2318.31
4600.0,-2884.87,-3441.43,-2328.31
4650.0,-2894.87,-3451.43,-2338.31
4700.0,-2904.87,-3461.43,-2348.31
4750.0,-2914.87,-3471.43,-2358.31
4800.0,-2924.87,-3481.43,-2368.31
4850.0,-2934.87,-3491.43,-2378.31
4900.0,-2944.87,-3501.43,-2388.31
4950.0,-2954.87,-3511.43,-2398.31
5000.0,-2964.87,-3521.43,-2408.31
5050.0,-2974.87,-3531.43,-2418.31
5100.0,-2984.87,-3541.43,-2428.31
5150.0,-2994.87,-3551.43,-2438.31
5200.0,-3004.87,-3561.43,-2448.31
5250.0,-3014.87,-3571.43,-2458.31
5300.0,-3024.87,-3581.43,-2468.31
5350.0,-3034.87,-3591.43,-2478.31
5400.0,-3044.87,-3601.43,-2488.31
5450.0,-3054.87,-3611.43,-2498.31
5500.0,-3064.87,-3621.43,-2508.31
5550.0,-3074.87,-3631.43,-2518.31
5600.0,-3084.87,-3641.43,-2528.31
5650.0,-3094.87,-3651.43,-2538.31
5700.0,-3104.87,-3661.43,-2548.31
5750.0,-3114.87,-3671.43,-2558.31
5800.0,-3124.87,-3681.43,-2568.31
5850.0,-3134.87,-3691.43,-2578.31
5900.0,-3144.87,-3701.43,-2588.31
5950.0,-3154.87,-3711.43,-2598.31
6000.0,-3164.87,-3721.43,-2608.31
6050.0,-3174.87,-3731.43,-2618.31
6100.0,-3184.87,-3741.43,-2628.31
6150.0,-3194.87,-3751.43,-2638.31
6200.0,-3204.87,-3761.43,-2648.31
6250.0,-3214.87,-3771.43,-2658.31
6300.0,-3224.87,-3781.43,-2668.31
6350.0,-3234.87,-3791.43,-2678.31
6400.0,-3244.87,-3801.43,-2688.31
6450.0,-3254.87,-3811.43,-2698.31
6500.0,-3264.87,-3821.43,-2708.31
6550.0,-3274.87,-3831.43,-2718.31
6600.0,-3284.87,-3841.43,-2728.31
6650.0,-3294.87,-3851.43,-2738.31
6700.0,-3304.87,-3861.43,-2748.31
6750.0,-3314.87,-3871.43,-2758.31
6800.0,-3324.87,-3881.43,-2768.31
6850.0,-3334.87,-3891.43,-2778.31
6900.0,-3344.87,-3901.43,-2788.31
6950.0,-3354.87,-3911.43,-2798.31
7000.0,-3364.87,-3921.43,-2808.31
7050.0,-3374.87,-3931.43,-2818.31
7100.0,-3384.87,-3941.43,-2828.31
7150.0,-3394.87,-3951.43,-2838.31
7200.0,-3404.87,-3961.43,-2848.31
7250.0,-3414.87,-3971.43,-2858.31
7300.0,-3424.87,-3981.43,-2868.31
7350.0,-3434.87,-3991.43,-2878.31
7400.0,-3444.87,-4001.43,-2888.31
7450.0,-3454.87,-4011.43,-2898.31
7500.0,-3464.87,-4021.43,-2908.31
7550.0,-3474.87,-4031.43,-2918.31
7600.0,-3484.87,-4041.43,-2928.31
7650.0,-3494.87,-4051.43,-2938.31
7700.0,-3504.87,-4061.43,-2948.31
7750.0,-3514.87,-4071.43,-2958.31
7800.0,-3524.87,-4081.43,-2968.31
7850.0,-3534.87,-4091.43,-2978.31
7900.0,-3544.87,-4101.43,-2988.31
7950.0,-3554.87,-4111.43,-2998.31
8000.0,-3564.87,-4121.43,-3008.31
