step,mean,ci_down,ci_up
0.0,173.91,159.88,187.94
50.0,179.66,168.70,190.62
100.0,183.57,175.03,192.10
150.0,183.63,175.65,191.62
200.0,184.37,176.91,191.83
250.0,191.98,186.35,197.60
300.0,177.82,170.03,185.61
350.0,186.45,180.14,192.76
400.0,192.28,187.41,197.14
450.0,190.28,184.96,195.61
500.0,191.84,187.00,196.68
550.0,190.75,185.81,195.69
600.0,190.97,186.10,195.84
650.0,196.37,192.98,199.75
700.0,194.03,189.97,198.08
750.0,196.87,193.66,200.09
800.0,198.52,195.73,201.31
850.0,197.54,194.44,200.64
900.0,197.89,195.03,200.75
950.0,199.23,196.79,201.67
1000.0,197.22,194.08,200.35
1050.0,199.60,197.46,201.74
1100.0,199.22,196.79,201.66
1150.0,200.41,198.76,202.06
1200.0,199.65,197.57,201.73
1250.0,199.43,197.26,201.60
1300.0,199.86,197.92,201.80
1350.0,198.95,196.49,201.40
1400.0,200.06,198.13,201.99
1450.0,201.49,200.47,202.50
1500.0,200.93,199.43,202.42
1550.0,200.99,199.59,202.40
1600.0,201.01,199.61,202.40
1650.0,202.00,202.00,202.00
1700.0,201.64,200.94,202.35
1750.0,201.15,199.94,202.37
1800.0,201.47,200.42,202.52
1850.0,201.32,200.28,202.36
1900.0,202.00,202.00,202.00
1950.0,202.00,202.00,202.00
2000.0,201.49,200.49,202.50
2050.0,201.51,200.54,202.48
2100.0,202.00,202.00,202.00
2150.0,201.51,200.54,202.48
2200.0,202.00,202.00,202.00
2250.0,201.69,201.07,202.31
2300.0,202.00,202.00,202.00
2350.0,201.50,200.51,202.49
2400.0,201.50,200.51,202.49
2450.0,201.50,200.51,202.49
2500.0,202.00,202.00,202.00
2550.0,202.00,202.00,202.00
2600.0,202.00,202.00,202.00
2650.0,201.50,200.51,202.49
2700.0,202.00,202.00,202.00
2750.0,201.62,200.86,202.37
2800.0,202.00,202.00,202.00
2850.0,201.50,200.51,202.49
2900.0,201.74,201.22,202.26
2950.0,202.00,202.00,202.00
3000.0,202.00,202.00,202.00
3050.0,202.00,202.00,202.00
3100.0,201.88,201.66,202.11
3150.0,202.00,202.00,202.00
3200.0,202.00,202.00,202.00
3250.0,202.00,202.00,202.00
3300.0,202.00,202.00,202.00
3350.0,202.00,202.00,202.00
3400.0,202.00,202.00,202.00
3450.0,202.00,202.00,202.00
3500.0,202.00,202.00,202.00
3550.0,202.00,202.00,202.00
3600.0,202.00,202.00,202.00
3650.0,202.00,202.00,202.00
3700.0,202.00,202.00,202.00
3750.0,202.00,202.00,202.00
3800.0,202.00,202.00,202.00
3850.0,202.00,202.00,202.00
3900.0,202.00,202.00,202.00
3950.0,202.00,202.00,202.00
4000.0,202.00,202.00,202.00
4050.0,202.00,202.00,202.00
4100.0,202.00,202.00,202.00
4150.0,202.00,202.00,202.00
4200.0,202.00,202.00,202.00
4250.0,202.00,202.00,202.00
4300.0,202.00,202.00,202.00
4350.0,202.00,202.00,202.00
4400.0,202.00,202.00,202.00
4450.0,202.00,202.00,202.00
4500.0,202.00,202.00,202.00
4550.0,202.00,202.00,202.00
4600.0,202.00,202.00,202.00
4650.0,202.00,202.00,202.00
4700.0,202.00,202.00,202.00
4750.0,202.00,202.00,202.00
4800.0,202.00,202.00,202.00
4850.0,202.00,202.00,202.00
4900.0,202.00,202.00,202.00
4950.0,202.00,202.00,202.00
5000.0,202.00,202.00,202.00
5050.0,202.00,202.00,202.00
5100.0,202.00,202.00,202.00
5150.0,202.00,202.00,202.00
5200.0,202.00,202.00,202.00
5250.0,202.00,202.00,202.00
5300.0,202.00,202.00,202.00
5350.0,202.00,202.00,202.00
5400.0,202.00,202.00,202.00
5450.0,202.00,202.00,202.00
5500.0,202.00,202.00,202.00
5550.0,202.00,202.00,202.00
5600.0,202.00,202.00,202.00
5650.0,202.00,202.00,202.00
5700.0,202.00,202.00,202.00
5750.0,202.00,202.00,202.00
5800.0,202.00,202.00,202.00
5850.0,202.00,202.00,202.00
5900.0,202.00,202.00,202.00
5950.0,202.00,202.00,202.00
6000.0,202.00,202.00,202.00
6050.0,202.00,202.00,202.00
6100.0,202.00,202.00,202.00
6150.0,202.00,202.00,202.00
6200.0,202.00,202.00,202.00
6250.0,202.00,202.00,202.00
6300.0,202.00,202.00,202.00
6350.0,202.00,202.00,202.00
6400.0,202.00,202.00,202.00
6450.0,202.00,202.00,202.00
6500.0,202.00,202.00,202.00
6550.0,202.00,202.00,202.00
6600.0,202.00,202.00,202.00
6650.0,202.00,202.00,202.00
6700.0,202.00,202.00,202.00
6750.0,202.00,202.00,202.00
6800.0,202.00,202.00,202.00
6850.0,202.00,202.00,202.00
6900.0,202.00,202.00,202.00
6950.0,202.00,202.00,202.00
