step,mean,ci_down,ci_up
0.0,25.66,25.66,25.66
2000.0,80.00,80.00,80.00
4000.0,107.95,107.95,107.95
6000.0,139.78,139.78,139.78
8000.0,218.50,218.50,218.50
10000.0,287.44,287.44,287.44
12000.0,372.00,372.00,372.00
14000.0,431.21,431.21,431.21
16000.0,506.45,506.45,506.45
18000.0,620.22,620.22,620.22
20000.0,720.63,720.63,720.63
22000.0,808.60,808.60,808.60
24000.0,904.26,904.26,904.26
26000.0,1013.70,1013.70,1013.70
28000.0,1114.58,1114.58,1114.58
30000.0,1217.98,1217.98,1217.98
32000.0,1274.70,1274.70,1274.70
34000.0,1335.24,1335.24,1335.24
36000.0,1407.10,1407.10,1407.10
38000.0,1469.60,1469.60,1469.60
40000.0,1520.94,1520.94,1520.94
42000.0,1581.70,1581.70,1581.70
44000.0,1643.25,1643.25,1643.25
46000.0,1737.92,1737.92,1737.92
48000.0,1818.29,1818.29,1818.29
50000.0,1887.04,1887.04,1887.04
52000.0,1975.28,1975.28,1975.28
54000.0,2048.11,2048.11,2048.11
56000.0,2129.72,2129.72,2129.72
58000.0,2209.95,2209.95,2209.95
60000.0,2307.85,2307.85,2307.85
62000.0,2398.04,2398.04,2398.04
64000.0,2502.16,2502.16,2502.16
66000.0,2608.42,2608.42,2608.42
68000.0,2689.86,2689.86,2689.86
70000.0,2784.19,2784.19,2784.19
72000.0,2877.70,2877.70,2877.70
74000.0,2990.57,2990.57,2990.57
76000.0,3085.65,3085.65,3085.65
78000.0,3191.52,3191.52,3191.52
80000.0,3309.95,3309.95,3309.95
82000.0,3416.40,3416.40,3416.40
84000.0,3506.66,3506.66,3506.66
86000.0,3581.47,3581.47,3581.47
88000.0,3671.21,3671.21,3671.21
90000.0,3752.21,3752.21,3752.21
