step,mean,ci_down,ci_up
0.0,-0.14,-0.14,-0.14
2000.0,-0.06,-0.08,-0.04
4000.0,-0.09,-0.12,-0.06
6000.0,-0.06,-0.08,-0.03
8000.0,-0.04,-0.05,-0.02
10000.0,-0.06,-0.09,-0.03
12000.0,-0.03,-0.05,-0.02
14000.0,-0.05,-0.07,-0.03
16000.0,-0.03,-0.04,-0.02
18000.0,-0.03,-0.04,-0.02
20000.0,-0.03,-0.03,-0.02
22000.0,-0.03,-0.04,-0.02
24000.0,-0.03,-0.05,-0.02
26000.0,-0.02,-0.03,-0.01
28000.0,-0.03,-0.04,-0.02
30000.0,-0.03,-0.05,-0.02
32000.0,-0.04,-0.05,-0.03
34000.0,-0.03,-0.04,-0.03
36000.0,-0.04,-0.05,-0.03
38000.0,-0.03,-0.04,-0.02
40000.0,-0.03,-0.03,-0.02
42000.0,-0.03,-0.03,-0.02
44000.0,-0.02,-0.03,-0.02
46000.0,-0.02,-0.03,-0.02
48000.0,-0.02,-0.02,-0.01
50000.0,-0.02,-0.02,-0.01
52000.0,-0.02,-0.02,-0.01
54000.0,-0.01,-0.01,-0.01
56000.0,-0.01,-0.02,-0.01
58000.0,-0.01,-0.02,-0.01
60000.0,-0.01,-0.01,-0.01
62000.0,-0.01,-0.01,-0.01
64000.0,-0.01,-0.01,-0.01
66000.0,-0.01,-0.01,-0.01
68000.0,-0.01,-0.01,-0.01
70000.0,-0.01,-0.01,-0.01
72000.0,-0.01,-0.01,-0.01
74000.0,-0.01,-0.01,-0.01
76000.0,-0.01,-0.01,-0.01
78000.0,-0.01,-0.01,-0.01
80000.0,-0.01,-0.01,-0.01
82000.0,-0.01,-0.01,-0.01
84000.0,-0.01,-0.01,-0.01
86000.0,-0.01,-0.01,-0.01
88000.0,-0.01,-0.01,-0.01
90000.0,-0.01,-0.01,-0.00
