step,mean,ci_down,ci_up
10000.0,1.00,1.00,1.00
12000.0,12.00,9.43,14.57
14000.0,7.80,2.12,13.48
16000.0,9.00,5.81,12.19
18000.0,12.17,7.76,16.58
20000.0,10.50,7.17,13.83
22000.0,12.89,10.20,15.58
24000.0,9.55,6.70,12.40
26000.0,11.33,9.34,13.33
28000.0,12.58,10.01,15.16
30000.0,10.92,8.65,13.19
32000.0,12.86,10.06,15.65
34000.0,12.94,10.25,15.63
36000.0,13.62,11.23,16.02
38000.0,13.24,11.03,15.44
40000.0,13.00,10.19,15.81
42000.0,12.07,9.75,14.39
44000.0,12.90,11.32,14.49
46000.0,11.72,9.66,13.78
48000.0,12.97,11.22,14.73
50000.0,14.54,12.82,16.25
52000.0,13.91,12.33,15.49
54000.0,15.61,13.94,17.28
56000.0,13.44,12.14,14.75
58000.0,13.98,12.69,15.26
60000.0,14.70,13.30,16.09
62000.0,14.67,13.39,15.96
64000.0,15.38,14.11,16.65
66000.0,16.60,15.17,18.02
68000.0,16.27,14.68,17.86
70000.0,15.40,14.25,16.54
72000.0,14.77,13.22,16.32
74000.0,15.29,13.84,16.75
76000.0,15.60,14.40,16.80
78000.0,17.58,15.95,19.22
80000.0,15.85,14.54,17.17
82000.0,14.81,13.57,16.05
84000.0,15.06,13.69,16.43
86000.0,16.12,14.79,17.46
88000.0,16.67,15.17,18.17
90000.0,16.69,15.08,18.29
92000.0,15.94,14.59,17.28
94000.0,16.67,15.40,17.94
96000.0,16.04,14.80,17.29
98000.0,17.48,16.27,18.69
100000.0,16.90,15.28,18.51
