step,mean,ci_down,ci_up
6000.0,-0.04,-0.04,-0.03
8000.0,-0.07,-0.08,-0.05
10000.0,-0.10,-0.12,-0.08
12000.0,-0.13,-0.16,-0.10
14000.0,-0.16,-0.19,-0.12
16000.0,-0.18,-0.22,-0.14
18000.0,-0.21,-0.25,-0.16
20000.0,-0.23,-0.28,-0.18
22000.0,-0.25,-0.30,-0.19
24000.0,-0.26,-0.32,-0.20
26000.0,-0.28,-0.35,-0.22
28000.0,-0.30,-0.37,-0.23
30000.0,-0.32,-0.39,-0.24
32000.0,-0.33,-0.41,-0.26
34000.0,-0.35,-0.42,-0.27
36000.0,-0.36,-0.44,-0.28
38000.0,-0.38,-0.46,-0.29
40000.0,-0.39,-0.48,-0.30
42000.0,-0.40,-0.49,-0.31
44000.0,-0.42,-0.51,-0.32
46000.0,-0.43,-0.53,-0.34
48000.0,-0.45,-0.55,-0.35
50000.0,-0.46,-0.56,-0.36
52000.0,-0.47,-0.58,-0.37
54000.0,-0.48,-0.59,-0.37
56000.0,-0.50,-0.61,-0.38
58000.0,-0.51,-0.62,-0.39
60000.0,-0.52,-0.64,-0.40
62000.0,-0.52,-0.65,-0.40
64000.0,-0.54,-0.66,-0.41
66000.0,-0.55,-0.68,-0.41
68000.0,-0.56,-0.69,-0.42
70000.0,-0.57,-0.70,-0.43
72000.0,-0.58,-0.72,-0.44
74000.0,-0.59,-0.73,-0.44
76000.0,-0.59,-0.74,-0.45
78000.0,-0.60,-0.75,-0.46
80000.0,-0.61,-0.77,-0.46
82000.0,-0.62,-0.78,-0.47
84000.0,-0.63,-0.79,-0.47
86000.0,-0.64,-0.80,-0.48
88000.0,-0.65,-0.82,-0.49
90000.0,-0.66,-0.83,-0.49
92000.0,-0.67,-0.84,-0.50
94000.0,-0.68,-0.85,-0.50
96000.0,-0.68,-0.86,-0.51
98000.0,-0.69,-0.87,-0.51
100000.0,-0.71,-0.90,-0.52
