step,mean,ci_down,ci_up
0.0,202.00,202.00,202.00
50.0,404.00,404.00,404.00
100.0,606.00,606.00,606.00
150.0,808.00,808.00,808.00
200.0,832.50,832.50,832.50
250.0,865.00,865.00,865.00
300.0,1067.00,1067.00,1067.00
350.0,1136.50,1136.50,1136.50
400.0,1338.50,1338.50,1338.50
450.0,1540.50,1540.50,1540.50
500.0,1742.50,1742.50,1742.50
550.0,1944.50,1944.50,1944.50
600.0,2146.50,2146.50,2146.50
650.0,2348.50,2348.50,2348.50
700.0,2550.50,2550.50,2550.50
750.0,2752.50,2752.50,2752.50
800.0,2954.50,2954.50,2954.50
850.0,3156.50,3156.50,3156.50
900.0,3358.50,3358.50,3358.50
950.0,3560.50,3560.50,3560.50
1000.0,3762.50,3762.50,3762.50
1050.0,3964.50,3964.50,3964.50
1100.0,4166.50,4166.50,4166.50
1150.0,4368.50,4368.50,4368.50
1200.0,4570.50,4570.50,4570.50
1250.0,4772.50,4772.50,4772.50
1300.0,4974.50,4974.50,4974.50
1350.0,5176.50,5176.50,5176.50
1400.0,5378.50,5378.50,5378.50
1450.0,5580.50,5580.50,5580.50
1500.0,5782.50,5782.50,5782.50
1550.0,5984.50,5984.50,5984.50
1600.0,6186.50,6186.50,6186.50
1650.0,6388.50,6388.50,6388.50
1700.0,6590.50,6590.50,6590.50
1750.0,6792.50,6792.50,6792.50
1800.0,6994.50,6994.50,6994.50
1850.0,7196.50,7196.50,7196.50
1900.0,7398.50,7398.50,7398.50
1950.0,7600.50,7600.50,7600.50
2000.0,7802.50,7802.50,7802.50
2050.0,8004.50,8004.50,8004.50
2100.0,8206.50,8206.50,8206.50
2150.0,8408.50,8408.50,8408.50
2200.0,8610.50,8610.50,8610.50
2250.0,8812.50,8812.50,8812.50
2300.0,9014.50,9014.50,9014.50
2350.0,9216.50,9216.50,9216.50
2400.0,9418.50,9418.50,9418.50
2450.0,9620.50,9620.50,9620.50
2500.0,9822.50,9822.50,9822.50
2550.0,10024.50,10024.50,10024.50
2600.0,10226.50,10226.50,10226.50
2650.0,10428.50,10428.50,10428.50
2700.0,10630.50,10630.50,10630.50
2750.0,10832.50,10832.50,10832.50
2800.0,11034.50,11034.50,11034.50
2850.0,11236.50,11236.50,11236.50
2900.0,11438.50,11438.50,11438.50
2950.0,11640.50,11640.50,11640.50
3000.0,11842.50,11842.50,11842.50
3050.0,12044.50,12044.50,12044.50
3100.0,12246.50,12246.50,12246.50
3150.0,12448.50,12448.50,12448.50
3200.0,12650.50,12650.50,12650.50
3250.0,12852.50,12852.50,12852.50
3300.0,13054.50,13054.50,13054.50
3350.0,13256.50,13256.50,13256.50
3400.0,13458.50,13458.50,13458.50
3450.0,13660.50,13660.50,13660.50
3500.0,13862.50,13862.50,13862.50
3550.0,14064.50,14064.50,14064.50
3600.0,14266.50,14266.50,14266.50
3650.0,14468.50,14468.50,14468.50
3700.0,14670.50,14670.50,14670.50
3750.0,14872.50,14872.50,14872.50
3800.0,15074.50,15074.50,15074.50
3850.0,15276.50,15276.50,15276.50
3900.0,15478.50,15478.50,15478.50
3950.0,15680.50,15680.50,15680.50
4000.0,15882.50,15882.50,15882.50
4050.0,16084.50,16084.50,16084.50
4100.0,16286.50,16286.50,16286.50
4150.0,16488.50,16488.50,16488.50
4200.0,16690.50,16690.50,16690.50
4250.0,16892.50,16892.50,16892.50
4300.0,17094.50,17094.50,17094.50
4350.0,17296.50,17296.50,17296.50
4400.0,17498.50,17498.50,17498.50
4450.0,17700.50,17700.50,17700.50
4500.0,17902.50,17902.50,17902.50
4550.0,18104.50,18104.50,18104.50
4600.0,18306.50,18306.50,18306.50
4650.0,18508.50,18508.50,18508.50
4700.0,18710.50,18710.50,18710.50
4750.0,18912.50,18912.50,18912.50
4800.0,19114.50,19114.50,19114.50
4850.0,19316.50,19316.50,19316.50
4900.0,19518.50,19518.50,19518.50
4950.0,19720.50,19720.50,19720.50
5000.0,19922.50,19922.50,19922.50
5050.0,20124.50,20124.50,20124.50
5100.0,20326.50,20326.50,20326.50
5150.0,20528.50,20528.50,20528.50
5200.0,20730.50,20730.50,20730.50
5250.0,20932.50,20932.50,20932.50
5300.0,21134.50,21134.50,21134.50
5350.0,21336.50,21336.50,21336.50
5400.0,21538.50,21538.50,21538.50
5450.0,21740.50,21740.50,21740.50
5500.0,21942.50,21942.50,21942.50
5550.0,22144.50,22144.50,22144.50
5600.0,22346.50,22346.50,22346.50
5650.0,22548.50,22548.50,22548.50
5700.0,22750.50,22750.50,22750.50
5750.0,22952.50,22952.50,22952.50
5800.0,23154.50,23154.50,23154.50
5850.0,23356.50,23356.50,23356.50
5900.0,23558.50,23558.50,23558.50
5950.0,23760.50,23760.50,23760.50
6000.0,23962.50,23962.50,23962.50
6050.0,24164.50,24164.50,24164.50
6100.0,24366.50,24366.50,24366.50
6150.0,24568.50,24568.50,24568.50
6200.0,24770.50,24770.50,24770.50
6250.0,24972.50,24972.50,24972.50
6300.0,25174.50,25174.50,25174.50
6350.0,25376.50,25376.50,25376.50
6400.0,25578.50,25578.50,25578.50
6450.0,25780.50,25780.50,25780.50
6500.0,25982.50,25982.50,25982.50
6550.0,26184.50,26184.50,26184.50
6600.0,26386.50,26386.50,26386.50
6650.0,26588.50,26588.50,26588.50
6700.0,26790.50,26790.50,26790.50
6750.0,26992.50,26992.50,26992.50
6800.0,27194.50,27194.50,27194.50
6850.0,27396.50,27396.50,27396.50
6900.0,27598.50,27598.50,27598.50
6950.0,27800.50,27800.50,27800.50
7000.0,28002.50,28002.50,28002.50
7050.0,28204.50,28204.50,28204.50
7100.0,28406.50,28406.50,28406.50
7150.0,28608.50,28608.50,28608.50
7200.0,28810.50,28810.50,28810.50
7250.0,29012.50,29012.50,29012.50
