step,mean,ci_down,ci_up
0.0,-328.50,-505.43,-151.57
50.0,-238.61,-364.24,-112.99
100.0,-175.96,-268.11,-83.82
150.0,-192.22,-283.49,-100.95
200.0,-169.25,-249.13,-89.37
250.0,-67.43,-103.87,-30.99
300.0,-193.90,-262.13,-125.67
350.0,-133.97,-196.52,-71.42
400.0,-90.87,-136.57,-45.17
450.0,-80.64,-116.63,-44.65
500.0,-79.30,-116.46,-42.14
550.0,-90.66,-129.73,-51.59
600.0,-72.23,-104.28,-40.18
650.0,-38.38,-57.97,-18.80
700.0,-55.53,-82.49,-28.57
750.0,-46.19,-77.11,-15.26
800.0,-27.34,-40.76,-13.93
850.0,-30.32,-44.95,-15.69
900.0,-42.01,-70.51,-13.51
950.0,-19.56,-28.83,-10.28
1000.0,-36.28,-58.47,-14.09
1050.0,-24.59,-42.53,-6.64
1100.0,-26.48,-42.56,-10.40
1150.0,-21.00,-35.86,-6.13
1200.0,-30.41,-53.16,-7.65
1250.0,-30.09,-47.82,-12.37
1300.0,-20.92,-32.05,-9.80
1350.0,-33.75,-54.73,-12.78
1400.0,-19.92,-28.56,-11.29
1450.0,-11.30,-13.87,-8.73
1500.0,-13.81,-19.13,-8.48
1550.0,-13.22,-17.88,-8.57
1600.0,-17.63,-27.50,-7.76
1650.0,-10.00,-10.00,-10.00
1700.0,-14.44,-23.23,-5.66
1750.0,-13.25,-17.81,-8.69
1800.0,-12.55,-17.58,-7.51
1850.0,-11.42,-14.17,-8.68
1900.0,-10.00,-10.00,-10.00
1950.0,-10.12,-10.34,-9.89
2000.0,-11.04,-13.10,-8.98
2050.0,-12.33,-16.93,-7.73
2100.0,-10.00,-10.00,-10.00
2150.0,-11.35,-14.02,-8.68
2200.0,-10.00,-10.00,-10.00
2250.0,-15.84,-27.38,-4.29
2300.0,-10.00,-10.00,-10.00
2350.0,-9.92,-10.08,-9.77
2400.0,-9.92,-10.08,-9.77
2450.0,-9.92,-10.08,-9.77
2500.0,-10.00,-10.00,-10.00
2550.0,-10.00,-10.00,-10.00
2600.0,-10.00,-10.00,-10.00
2650.0,-9.92,-10.08,-9.77
2700.0,-10.00,-10.00,-10.00
2750.0,-12.06,-16.13,-7.99
2800.0,-10.00,-10.00,-10.00
2850.0,-9.92,-10.08,-9.77
2900.0,-12.91,-18.65,-7.16
2950.0,-10.00,-10.00,-10.00
3000.0,-10.00,-10.00,-10.00
3050.0,-10.00,-10.00,-10.00
3100.0,-10.83,-12.46,-9.19
3150.0,-10.00,-10.00,-10.00
3200.0,-10.00,-10.00,-10.00
3250.0,-10.00,-10.00,-10.00
3300.0,-10.41,-11.22,-9.60
3350.0,-10.00,-10.00,-10.00
3400.0,-10.00,-10.00,-10.00
3450.0,-10.00,-10.00,-10.00
3500.0,-10.00,-10.00,-10.00
3550.0,-10.00,-10.00,-10.00
3600.0,-10.00,-10.00,-10.00
3650.0,-10.00,-10.00,-10.00
3700.0,-10.00,-10.00,-10.00
3750.0,-10.00,-10.00,-10.00
3800.0,-10.00,-10.00,-10.00
3850.0,-10.00,-10.00,-10.00
3900.0,-10.00,-10.00,-10.00
3950.0,-10.00,-10.00,-10.00
4000.0,-10.00,-10.00,-10.00
4050.0,-10.00,-10.00,-10.00
4100.0,-10.00,-10.00,-10.00
4150.0,-10.00,-10.00,-10.00
4200.0,-10.00,-10.00,-10.00
4250.0,-10.00,-10.00,-10.00
4300.0,-10.00,-10.00,-10.00
4350.0,-10.00,-10.00,-10.00
4400.0,-10.00,-10.00,-10.00
4450.0,-10.00,-10.00,-10.00
4500.0,-10.00,-10.00,-10.00
4550.0,-10.00,-10.00,-10.00
4600.0,-10.00,-10.00,-10.00
4650.0,-10.00,-10.00,-10.00
4700.0,-10.00,-10.00,-10.00
4750.0,-10.00,-10.00,-10.00
4800.0,-10.00,-10.00,-10.00
4850.0,-10.00,-10.00,-10.00
4900.0,-10.00,-10.00,-10.00
4950.0,-10.00,-10.00,-10.00
5000.0,-10.00,-10.00,-10.00
5050.0,-10.00,-10.00,-10.00
5100.0,-10.00,-10.00,-10.00
5150.0,-10.00,-10.00,-10.00
5200.0,-10.00,-10.00,-10.00
5250.0,-10.00,-10.00,-10.00
5300.0,-10.00,-10.00,-10.00
5350.0,-10.00,-10.00,-10.00
5400.0,-10.00,-10.00,-10.00
5450.0,-10.00,-10.00,-10.00
5500.0,-10.00,-10.00,-10.00
5550.0,-10.00,-10.00,-10.00
5600.0,-10.00,-10.00,-10.00
5650.0,-10.00,-10.00,-10.00
5700.0,-10.00,-10.00,-10.00
5750.0,-10.00,-10.00,-10.00
5800.0,-10.00,-10.00,-10.00
5850.0,-10.00,-10.00,-10.00
5900.0,-10.00,-10.00,-10.00
5950.0,-10.00,-10.00,-10.00
6000.0,-10.00,-10.00,-10.00
6050.0,-10.00,-10.00,-10.00
6100.0,-10.00,-10.00,-10.00
6150.0,-10.00,-10.00,-10.00
6200.0,-10.00,-10.00,-10.00
6250.0,-10.00,-10.00,-10.00
6300.0,-10.00,-10.00,-10.00
6350.0,-10.00,-10.00,-10.00
6400.0,-10.00,-10.00,-10.00
6450.0,-10.00,-10.00,-10.00
6500.0,-10.00,-10.00,-10.00
6550.0,-10.00,-10.00,-10.00
6600.0,-10.00,-10.00,-10.00
6650.0,-10.00,-10.00,-10.00
6700.0,-10.00,-10.00,-10.00
6750.0,-10.00,-10.00,-10.00
6800.0,-10.00,-10.00,-10.00
6850.0,-10.00,-10.00,-10.00
6900.0,-10.00,-10.00,-10.00
6950.0,-10.00,-10.00,-10.00
