step,mean,ci_down,ci_up
1900.0,132.75,-4.34,269.84
1950.0,202.00,202.00,202.00
2000.0,202.00,202.00,202.00
2050.0,147.17,38.62,255.71
2100.0,202.00,202.00,202.00
2150.0,164.29,116.02,212.55
2200.0,180.21,137.09,223.34
2250.0,133.91,86.23,181.59
2300.0,150.72,117.67,183.78
2350.0,187.54,167.74,207.34
2400.0,189.23,174.84,203.61
2450.0,195.54,186.55,204.53
2500.0,182.23,165.54,198.93
2550.0,187.57,174.54,200.60
2600.0,181.73,167.16,196.29
2650.0,192.89,182.66,203.12
2700.0,196.14,187.96,204.31
2750.0,196.20,188.11,204.28
2800.0,197.00,190.03,203.97
2850.0,198.16,192.61,203.71
2900.0,196.92,189.80,204.04
2950.0,197.22,190.54,203.90
3000.0,196.05,189.32,202.77
3050.0,200.16,196.52,203.80
3100.0,198.18,192.75,203.60
3150.0,196.71,190.61,202.81
3200.0,202.00,202.00,202.00
3250.0,202.00,202.00,202.00
3300.0,202.00,202.00,202.00
3350.0,202.00,202.00,202.00
3400.0,200.01,196.07,203.95
3450.0,202.00,202.00,202.00
3500.0,198.35,193.26,203.44
3550.0,199.19,195.01,203.38
3600.0,200.02,196.10,203.94
3650.0,200.06,197.28,202.83
3700.0,200.06,196.22,203.90
3750.0,202.00,202.00,202.00
3800.0,202.00,202.00,202.00
3850.0,202.00,202.00,202.00
3900.0,202.00,202.00,202.00
3950.0,202.00,202.00,202.00
4000.0,202.00,202.00,202.00
4050.0,201.16,199.50,202.82
4100.0,202.00,202.00,202.00
4150.0,202.00,202.00,202.00
4200.0,202.00,202.00,202.00
4250.0,202.00,202.00,202.00
4300.0,200.18,196.58,203.78
4350.0,200.18,196.58,203.78
4400.0,200.18,196.58,203.78
4450.0,198.36,193.29,203.43
4500.0,200.18,196.58,203.78
4550.0,196.58,190.45,202.71
4600.0,196.54,190.36,202.72
4650.0,194.72,187.62,201.82
4700.0,196.54,190.36,202.72
4750.0,191.08,182.48,199.68
4800.0,187.44,177.62,197.26
4850.0,189.26,180.02,198.50
4900.0,178.34,166.16,190.52
4950.0,172.88,159.61,186.15
5000.0,165.60,151.12,180.08
5050.0,158.32,142.86,173.78
5100.0,152.86,136.78,168.94
5150.0,147.40,130.81,163.99
5200.0,129.20,111.46,146.94
5250.0,129.20,111.46,146.94
5300.0,112.82,94.72,130.92
5350.0,111.00,92.89,129.11
5400.0,103.72,85.67,121.77
5450.0,100.08,82.11,118.05
5500.0,83.70,66.43,100.97
5550.0,90.98,73.32,108.64
5600.0,83.70,66.43,100.97
5650.0,70.96,54.70,87.22
5700.0,74.64,58.05,91.23
5750.0,70.96,54.70,87.22
5800.0,67.32,51.44,83.20
5850.0,60.04,45.04,75.04
5900.0,54.58,40.37,68.79
5950.0,54.58,40.37,68.79
6000.0,52.76,38.85,66.67
6050.0,43.66,31.48,55.84
6100.0,36.38,26.02,46.74
6150.0,38.20,27.34,49.06
6200.0,36.38,26.02,46.74
6250.0,30.92,22.32,39.52
6300.0,30.92,22.32,39.52
6350.0,29.10,21.21,36.99
6400.0,27.28,20.18,34.38
6450.0,25.46,19.28,31.64
6500.0,23.64,18.57,28.71
6550.0,25.46,19.28,31.64
6600.0,23.64,18.57,28.71
6650.0,21.82,18.22,25.42
6700.0,23.64,18.57,28.71
6750.0,21.82,18.22,25.42
6800.0,21.82,18.22,25.42
6850.0,20.00,20.00,20.00
6900.0,20.00,20.00,20.00
6950.0,20.00,20.00,20.00
7000.0,20.00,20.00,20.00
7050.0,20.00,20.00,20.00
7100.0,20.00,20.00,20.00
7150.0,20.00,20.00,20.00
7200.0,20.00,20.00,20.00
7250.0,20.00,20.00,20.00
7300.0,20.00,20.00,20.00
7350.0,20.00,20.00,20.00
7400.0,20.00,20.00,20.00
7450.0,20.00,20.00,20.00
7500.0,20.00,20.00,20.00
7550.0,20.00,20.00,20.00
7600.0,20.00,20.00,20.00
7650.0,20.00,20.00,20.00
7700.0,20.00,20.00,20.00
7750.0,20.00,20.00,20.00
7800.0,20.00,20.00,20.00
7850.0,20.00,20.00,20.00
7900.0,20.00,20.00,20.00
7950.0,20.00,20.00,20.00
8000.0,20.00,20.00,20.00
