step,mean,ci_down,ci_up
1050.0,-328.50,-505.43,-151.57
1100.0,-238.61,-364.24,-112.99
1150.0,-175.96,-268.11,-83.82
1200.0,-192.22,-283.49,-100.95
1250.0,-169.25,-249.13,-89.37
1300.0,-67.43,-103.87,-30.99
1350.0,-193.90,-262.13,-125.67
1400.0,-133.97,-196.52,-71.42
1450.0,-90.87,-136.57,-45.17
1500.0,-80.64,-116.63,-44.65
1550.0,-79.30,-116.46,-42.14
1600.0,-90.66,-129.73,-51.59
1650.0,-72.23,-104.28,-40.18
1700.0,-38.38,-57.97,-18.80
1750.0,-55.53,-82.49,-28.57
1800.0,-46.19,-77.11,-15.26
1850.0,-27.34,-40.76,-13.93
1900.0,-30.32,-44.95,-15.69
1950.0,-42.01,-70.51,-13.51
2000.0,-19.56,-28.83,-10.28
2050.0,-36.28,-58.47,-14.09
2100.0,-24.59,-42.53,-6.64
2150.0,-26.48,-42.56,-10.40
2200.0,-21.00,-35.86,-6.13
2250.0,-30.41,-53.16,-7.65
2300.0,-30.09,-47.82,-12.37
2350.0,-20.92,-32.05,-9.80
2400.0,-33.75,-54.73,-12.78
2450.0,-19.92,-28.56,-11.29
2500.0,-11.30,-13.87,-8.73
2550.0,-13.81,-19.13,-8.48
2600.0,-13.22,-17.88,-8.57
2650.0,-17.63,-27.50,-7.76
2700.0,-10.00,-10.00,-10.00
2750.0,-14.44,-23.23,-5.66
2800.0,-13.25,-17.81,-8.69
2850.0,-12.55,-17.58,-7.51
2900.0,-11.42,-14.17,-8.68
2950.0,-10.00,-10.00,-10.00
3000.0,-10.12,-10.34,-9.89
3050.0,-11.04,-13.10,-8.98
3100.0,-12.33,-16.93,-7.73
3150.0,-10.00,-10.00,-10.00
3200.0,-11.35,-14.02,-8.68
3250.0,-10.00,-10.00,-10.00
3300.0,-15.84,-27.38,-4.29
3350.0,-10.00,-10.00,-10.00
3400.0,-9.92,-10.08,-9.77
3450.0,-9.92,-10.08,-9.77
3500.0,-9.92,-10.08,-9.77
3550.0,-10.00,-10.00,-10.00
3600.0,-10.00,-10.00,-10.00
3650.0,-10.00,-10.00,-10.00
3700.0,-9.92,-10.08,-9.77
3750.0,-10.00,-10.00,-10.00
3800.0,-12.06,-16.13,-7.99
3850.0,-10.00,-10.00,-10.00
3900.0,-9.92,-10.08,-9.77
3950.0,-12.91,-18.65,-7.16
4000.0,-10.00,-10.00,-10.00
4050.0,-10.00,-10.00,-10.00
4100.0,-10.00,-10.00,-10.00
4150.0,-10.83,-12.46,-9.19
4200.0,-10.00,-10.00,-10.00
4250.0,-10.00,-10.00,-10.00
4300.0,-10.00,-10.00,-10.00
4350.0,-10.41,-11.22,-9.60
4400.0,-10.00,-10.00,-10.00
4450.0,-10.00,-10.00,-10.00
4500.0,-10.00,-10.00,-10.00
4550.0,-10.00,-10.00,-10.00
4600.0,-10.00,-10.00,-10.00
4650.0,-10.00,-10.00,-10.00
4700.0,-10.00,-10.00,-10.00
4750.0,-10.00,-10.00,-10.00
4800.0,-10.00,-10.00,-10.00
4850.0,-10.00,-10.00,-10.00
4900.0,-10.00,-10.00,-10.00
4950.0,-10.00,-10.00,-10.00
5000.0,-10.00,-10.00,-10.00
5050.0,-10.00,-10.00,-10.00
5100.0,-10.00,-10.00,-10.00
5150.0,-10.00,-10.00,-10.00
5200.0,-10.00,-10.00,-10.00
5250.0,-10.00,-10.00,-10.00
5300.0,-10.00,-10.00,-10.00
5350.0,-10.00,-10.00,-10.00
5400.0,-10.00,-10.00,-10.00
5450.0,-10.00,-10.00,-10.00
5500.0,-10.00,-10.00,-10.00
5550.0,-10.00,-10.00,-10.00
5600.0,-10.00,-10.00,-10.00
5650.0,-10.00,-10.00,-10.00
5700.0,-10.00,-10.00,-10.00
5750.0,-10.00,-10.00,-10.00
5800.0,-10.00,-10.00,-10.00
5850.0,-10.00,-10.00,-10.00
5900.0,-10.00,-10.00,-10.00
5950.0,-10.00,-10.00,-10.00
6000.0,-10.00,-10.00,-10.00
6050.0,-10.00,-10.00,-10.00
6100.0,-10.00,-10.00,-10.00
6150.0,-10.00,-10.00,-10.00
6200.0,-10.00,-10.00,-10.00
6250.0,-10.00,-10.00,-10.00
6300.0,-10.00,-10.00,-10.00
6350.0,-10.00,-10.00,-10.00
6400.0,-10.00,-10.00,-10.00
6450.0,-10.00,-10.00,-10.00
6500.0,-10.00,-10.00,-10.00
6550.0,-10.00,-10.00,-10.00
6600.0,-10.00,-10.00,-10.00
6650.0,-10.00,-10.00,-10.00
6700.0,-10.00,-10.00,-10.00
6750.0,-10.00,-10.00,-10.00
6800.0,-10.00,-10.00,-10.00
6850.0,-10.00,-10.00,-10.00
6900.0,-10.00,-10.00,-10.00
6950.0,-10.00,-10.00,-10.00
7000.0,-10.00,-10.00,-10.00
7050.0,-10.00,-10.00,-10.00
7100.0,-10.00,-10.00,-10.00
7150.0,-10.00,-10.00,-10.00
7200.0,-10.00,-10.00,-10.00
7250.0,-10.00,-10.00,-10.00
7300.0,-10.00,-10.00,-10.00
7350.0,-10.00,-10.00,-10.00
7400.0,-10.00,-10.00,-10.00
7450.0,-10.00,-10.00,-10.00
7500.0,-10.00,-10.00,-10.00
7550.0,-10.00,-10.00,-10.00
7600.0,-10.00,-10.00,-10.00
7650.0,-10.00,-10.00,-10.00
7700.0,-10.00,-10.00,-10.00
7750.0,-10.00,-10.00,-10.00
7800.0,-10.00,-10.00,-10.00
7850.0,-10.00,-10.00,-10.00
7900.0,-10.00,-10.00,-10.00
7950.0,-10.00,-10.00,-10.00
8000.0,-10.00,-10.00,-10.00
