step,mean,ci_down,ci_up
30000.0,-0.00,-0.00,-0.00
32000.0,-0.00,-0.01,-0.00
34000.0,-0.01,-0.01,-0.00
36000.0,-0.02,-0.04,-0.00
38000.0,-0.04,-0.06,-0.02
40000.0,-0.06,-0.09,-0.02
42000.0,-0.08,-0.12,-0.04
44000.0,-0.10,-0.15,-0.05
46000.0,-0.12,-0.17,-0.07
48000.0,-0.13,-0.19,-0.08
50000.0,-0.14,-0.20,-0.09
52000.0,-0.15,-0.21,-0.09
54000.0,-0.15,-0.21,-0.10
56000.0,-0.16,-0.22,-0.10
58000.0,-0.17,-0.23,-0.11
60000.0,-0.17,-0.23,-0.11
62000.0,-0.18,-0.24,-0.12
64000.0,-0.18,-0.24,-0.12
66000.0,-0.19,-0.25,-0.13
68000.0,-0.19,-0.25,-0.13
70000.0,-0.20,-0.26,-0.14
72000.0,-0.21,-0.27,-0.15
74000.0,-0.21,-0.27,-0.15
76000.0,-0.22,-0.28,-0.15
78000.0,-0.22,-0.28,-0.16
80000.0,-0.22,-0.29,-0.16
82000.0,-0.23,-0.29,-0.17
84000.0,-0.24,-0.30,-0.17
86000.0,-0.25,-0.31,-0.18
88000.0,-0.25,-0.32,-0.18
90000.0,-0.26,-0.33,-0.19
92000.0,-0.26,-0.33,-0.19
94000.0,-0.27,-0.34,-0.19
96000.0,-0.27,-0.35,-0.20
98000.0,-0.28,-0.35,-0.20
100000.0,-0.28,-0.36,-0.20
