step,mean,ci_down,ci_up
30000.0,17.88,14.30,21.45
32000.0,35.25,29.07,41.43
34000.0,54.81,48.16,61.46
36000.0,73.19,65.86,80.52
38000.0,88.69,81.19,96.18
40000.0,103.44,93.48,113.40
42000.0,120.81,109.03,132.59
44000.0,137.31,124.16,150.46
46000.0,153.69,139.92,167.46
48000.0,168.44,154.21,182.66
50000.0,185.44,169.74,201.13
52000.0,203.94,187.83,220.04
54000.0,221.44,203.95,238.93
56000.0,239.06,220.62,257.51
58000.0,255.38,238.06,272.69
60000.0,271.81,254.08,289.55
62000.0,289.56,270.81,308.32
64000.0,305.06,285.36,324.77
66000.0,322.50,301.50,343.50
68000.0,339.69,317.65,361.72
70000.0,354.19,331.69,376.68
72000.0,370.69,348.33,393.04
74000.0,388.56,365.48,411.65
76000.0,404.44,380.34,428.53
78000.0,421.50,398.18,444.82
80000.0,439.69,414.98,464.39
82000.0,454.88,429.71,480.04
84000.0,471.50,446.38,496.62
86000.0,490.88,464.73,517.02
88000.0,508.25,481.50,535.00
90000.0,524.69,497.59,551.79
92000.0,542.69,515.09,570.29
94000.0,559.94,531.80,588.08
96000.0,577.00,548.49,605.51
98000.0,593.81,563.83,623.80
100000.0,609.94,577.67,642.21
