step,mean,ci_down,ci_up
30000.0,100.24,93.65,106.83
32000.0,203.63,194.19,213.08
34000.0,306.72,293.99,319.45
36000.0,403.91,385.77,422.05
38000.0,492.72,471.51,513.93
40000.0,580.80,552.18,609.41
42000.0,663.88,624.39,703.37
44000.0,751.57,703.45,799.69
46000.0,838.83,783.92,893.75
48000.0,924.99,862.59,987.38
50000.0,1023.00,956.07,1089.92
52000.0,1121.27,1048.48,1194.05
54000.0,1221.52,1146.52,1296.53
56000.0,1325.31,1249.43,1401.20
58000.0,1428.23,1349.70,1506.77
60000.0,1527.83,1445.94,1609.72
62000.0,1631.18,1551.12,1711.24
64000.0,1737.59,1654.77,1820.41
66000.0,1843.32,1760.63,1926.01
68000.0,1948.25,1865.84,2030.66
70000.0,2054.60,1972.98,2136.22
72000.0,2158.68,2078.34,2239.01
74000.0,2263.97,2183.05,2344.90
76000.0,2372.19,2288.58,2455.80
78000.0,2475.31,2393.62,2557.00
80000.0,2582.06,2501.81,2662.32
82000.0,2687.11,2606.93,2767.28
84000.0,2787.48,2708.56,2866.40
86000.0,2887.26,2807.05,2967.47
88000.0,2990.09,2908.42,3071.75
90000.0,3095.54,3012.29,3178.79
92000.0,3201.47,3116.64,3286.31
94000.0,3306.70,3220.55,3392.85
96000.0,3415.70,3327.81,3503.59
98000.0,3528.27,3440.97,3615.57
100000.0,3636.45,3551.24,3721.66
