step,mean,ci_down,ci_up
0.0,-0.06,-0.09,-0.03
2000.0,-0.09,-0.14,-0.05
4000.0,-0.12,-0.16,-0.07
6000.0,-0.13,-0.18,-0.09
8000.0,-0.14,-0.19,-0.10
10000.0,-0.15,-0.19,-0.10
12000.0,-0.16,-0.20,-0.11
14000.0,-0.17,-0.21,-0.12
16000.0,-0.18,-0.22,-0.13
18000.0,-0.18,-0.23,-0.13
20000.0,-0.19,-0.24,-0.14
22000.0,-0.19,-0.24,-0.15
24000.0,-0.20,-0.24,-0.15
26000.0,-0.20,-0.25,-0.15
28000.0,-0.20,-0.25,-0.16
30000.0,-0.21,-0.26,-0.17
32000.0,-0.23,-0.29,-0.18
34000.0,-0.25,-0.31,-0.19
36000.0,-0.28,-0.34,-0.21
38000.0,-0.29,-0.36,-0.22
40000.0,-0.31,-0.38,-0.24
42000.0,-0.32,-0.40,-0.25
44000.0,-0.33,-0.41,-0.26
46000.0,-0.34,-0.42,-0.26
48000.0,-0.35,-0.43,-0.27
50000.0,-0.35,-0.43,-0.27
52000.0,-0.36,-0.44,-0.28
54000.0,-0.37,-0.45,-0.28
56000.0,-0.37,-0.45,-0.29
58000.0,-0.38,-0.46,-0.30
60000.0,-0.38,-0.46,-0.30
62000.0,-0.39,-0.47,-0.31
64000.0,-0.39,-0.47,-0.31
66000.0,-0.40,-0.48,-0.32
68000.0,-0.41,-0.49,-0.33
70000.0,-0.41,-0.49,-0.33
72000.0,-0.42,-0.50,-0.34
74000.0,-0.42,-0.50,-0.34
76000.0,-0.43,-0.51,-0.35
78000.0,-0.44,-0.52,-0.35
80000.0,-0.45,-0.53,-0.36
82000.0,-0.45,-0.54,-0.37
84000.0,-0.46,-0.54,-0.37
86000.0,-0.46,-0.55,-0.38
88000.0,-0.47,-0.56,-0.38
90000.0,-0.48,-0.56,-0.39
92000.0,-0.48,-0.57,-0.39
94000.0,-0.48,-0.57,-0.39
