step,mean,ci_down,ci_up
0.0,8.29,4.72,11.85
2000.0,20.79,15.03,26.55
4000.0,34.50,27.22,41.78
6000.0,50.64,43.48,57.81
8000.0,65.71,58.92,72.51
10000.0,85.50,78.70,92.30
12000.0,105.07,98.01,112.13
14000.0,121.64,114.14,129.15
16000.0,138.79,128.22,149.35
18000.0,157.07,145.36,168.79
20000.0,173.64,161.67,185.62
22000.0,191.86,180.54,203.18
24000.0,209.00,197.49,220.51
26000.0,226.00,213.23,238.77
28000.0,245.93,233.75,258.11
30000.0,264.14,252.09,276.20
32000.0,279.50,266.58,292.42
34000.0,293.50,280.30,306.70
36000.0,311.64,297.87,325.42
38000.0,329.71,314.69,344.74
40000.0,347.36,331.82,362.89
42000.0,363.14,347.06,379.23
44000.0,380.93,362.72,399.14
46000.0,399.93,382.16,417.70
48000.0,418.14,399.30,436.99
50000.0,436.50,417.42,455.58
52000.0,452.64,435.21,470.08
54000.0,469.14,451.75,486.53
56000.0,486.14,467.72,504.57
58000.0,502.14,483.28,521.01
60000.0,520.00,499.76,540.24
62000.0,537.29,516.15,558.42
64000.0,552.14,531.09,573.20
66000.0,569.79,549.78,589.79
68000.0,587.64,566.35,608.93
70000.0,604.57,581.87,627.27
72000.0,621.36,598.74,643.97
74000.0,639.86,615.09,664.62
76000.0,654.50,629.14,679.86
78000.0,670.86,645.52,696.19
80000.0,690.21,663.69,716.74
82000.0,707.21,680.06,734.37
84000.0,724.50,697.60,751.40
86000.0,742.64,715.44,769.84
88000.0,760.29,732.84,787.73
90000.0,778.14,750.35,805.94
92000.0,795.93,767.26,824.59
94000.0,812.50,781.16,843.84
