step,mean,ci_down,ci_up
0.0,62.29,46.85,77.73
2000.0,139.01,109.87,168.14
4000.0,221.78,191.97,251.60
6000.0,309.61,279.21,340.01
8000.0,408.75,378.10,439.40
10000.0,501.77,468.64,534.89
12000.0,600.15,564.11,636.20
14000.0,703.16,660.31,746.02
16000.0,801.16,755.36,846.97
18000.0,899.94,852.51,947.37
20000.0,995.77,948.90,1042.64
22000.0,1097.61,1050.88,1144.33
24000.0,1198.79,1150.10,1247.47
26000.0,1302.43,1255.29,1349.57
28000.0,1405.13,1357.99,1452.28
30000.0,1502.86,1453.49,1552.22
32000.0,1588.97,1531.30,1646.63
34000.0,1676.34,1615.13,1737.54
36000.0,1756.66,1689.67,1823.66
38000.0,1847.09,1775.36,1918.82
40000.0,1935.29,1857.47,2013.11
42000.0,2019.97,1935.03,2104.91
44000.0,2117.82,2028.92,2206.72
46000.0,2217.10,2123.12,2311.09
48000.0,2317.06,2221.56,2412.57
50000.0,2419.56,2323.50,2515.62
52000.0,2522.11,2423.82,2620.40
54000.0,2621.03,2520.08,2721.98
56000.0,2725.59,2625.58,2825.60
58000.0,2831.54,2728.69,2934.40
60000.0,2935.88,2833.39,3038.37
62000.0,3040.10,2936.90,3143.31
64000.0,3145.63,3042.29,3248.96
66000.0,3247.30,3146.03,3348.57
68000.0,3351.37,3250.32,3452.42
70000.0,3456.88,3353.29,3560.46
72000.0,3559.55,3458.85,3660.25
74000.0,3665.00,3565.70,3764.30
76000.0,3772.01,3671.66,3872.37
78000.0,3873.39,3773.10,3973.69
80000.0,3972.77,3870.41,4075.14
82000.0,4074.61,3970.40,4178.81
84000.0,4178.43,4071.92,4284.94
86000.0,4283.10,4174.34,4391.85
88000.0,4387.19,4277.26,4497.12
90000.0,4494.00,4382.18,4605.82
92000.0,4603.88,4493.97,4713.79
94000.0,4711.62,4604.97,4818.26
