step,mean,ci_down,ci_up
0.0,8.29,5.31,11.26
2000.0,12.50,10.05,14.95
4000.0,13.75,11.26,16.24
6000.0,15.94,13.73,18.15
8000.0,14.88,12.73,17.02
10000.0,19.31,17.01,21.62
12000.0,18.12,14.78,21.47
14000.0,16.25,14.08,18.42
16000.0,16.38,13.51,19.24
18000.0,17.31,15.00,19.62
20000.0,16.19,13.69,18.68
22000.0,18.50,15.72,21.28
24000.0,17.88,14.89,20.86
26000.0,17.38,14.74,20.01
28000.0,19.12,17.11,21.12
30000.0,17.11,13.61,20.61
32000.0,15.09,13.17,17.00
34000.0,15.19,13.12,17.25
36000.0,15.31,13.06,17.57
38000.0,15.23,13.22,17.24
40000.0,15.61,13.55,17.66
42000.0,15.64,13.79,17.49
44000.0,16.98,15.41,18.54
46000.0,17.28,15.80,18.76
48000.0,17.20,15.62,18.79
50000.0,17.16,15.52,18.80
52000.0,16.39,15.02,17.75
54000.0,17.16,15.63,18.69
56000.0,17.00,15.41,18.59
58000.0,16.30,14.96,17.63
60000.0,16.25,14.91,17.59
62000.0,17.64,16.28,18.99
64000.0,16.02,14.70,17.35
66000.0,15.77,14.06,17.48
68000.0,16.77,15.23,18.31
70000.0,16.35,14.73,17.97
72000.0,17.58,15.91,19.25
74000.0,16.94,15.26,18.62
76000.0,16.88,15.06,18.70
78000.0,17.50,16.16,18.84
80000.0,17.18,15.73,18.63
82000.0,16.50,15.37,17.63
84000.0,16.90,15.70,18.10
86000.0,17.46,15.99,18.93
88000.0,16.98,15.49,18.47
90000.0,17.40,15.86,18.94
92000.0,16.86,15.42,18.30
94000.0,17.64,16.00,19.28
