step,mean,ci_down,ci_up
6000.0,42.77,39.36,46.17
8000.0,51.19,46.22,56.16
10000.0,55.03,46.24,63.81
12000.0,60.04,55.79,64.29
14000.0,67.92,62.79,73.05
16000.0,74.54,67.92,81.17
18000.0,80.11,74.43,85.79
20000.0,79.52,74.46,84.59
22000.0,81.19,76.30,86.09
24000.0,92.36,87.57,97.14
26000.0,87.47,81.48,93.46
28000.0,88.65,83.50,93.80
30000.0,92.86,89.77,95.94
32000.0,93.66,88.51,98.82
34000.0,91.94,87.12,96.76
36000.0,93.18,86.56,99.79
38000.0,91.50,84.37,98.63
40000.0,93.28,87.98,98.57
42000.0,90.86,85.01,96.72
44000.0,96.67,91.35,101.99
46000.0,90.56,86.52,94.61
48000.0,93.79,89.24,98.33
50000.0,96.83,92.41,101.25
52000.0,93.97,90.51,97.43
54000.0,94.28,89.16,99.41
56000.0,88.93,84.33,93.53
58000.0,90.23,85.41,95.06
60000.0,98.57,93.08,104.07
62000.0,94.36,89.52,99.20
64000.0,96.06,90.62,101.50
66000.0,98.47,93.21,103.74
68000.0,102.91,98.70,107.11
70000.0,104.13,99.28,108.99
72000.0,100.39,95.56,105.22
74000.0,97.65,92.59,102.71
76000.0,99.02,93.86,104.18
78000.0,95.74,89.99,101.49
80000.0,101.66,95.98,107.34
82000.0,98.03,93.67,102.38
84000.0,96.69,92.88,100.49
86000.0,97.64,92.62,102.66
88000.0,100.08,96.00,104.17
90000.0,102.50,97.95,107.04
92000.0,106.81,102.43,111.20
94000.0,101.57,96.29,106.85
96000.0,102.33,97.86,106.80
98000.0,101.64,97.26,106.03
100000.0,101.16,96.22,106.10
