step,mean,ci_down,ci_up
10000.0,14.05,11.68,16.41
12000.0,29.14,25.67,32.60
14000.0,44.73,40.71,48.74
16000.0,61.50,56.37,66.63
18000.0,79.18,73.19,85.18
20000.0,94.95,87.33,102.58
22000.0,111.59,101.81,121.37
24000.0,127.45,116.96,137.95
26000.0,142.00,131.21,152.79
28000.0,156.41,144.61,168.21
30000.0,172.09,160.59,183.59
32000.0,189.82,178.21,201.43
34000.0,209.45,197.60,221.31
36000.0,226.18,213.61,238.76
38000.0,243.64,229.73,257.55
40000.0,258.64,244.65,272.62
42000.0,273.23,258.69,287.76
44000.0,288.77,273.87,303.67
46000.0,305.45,290.19,320.72
48000.0,320.45,305.20,335.71
50000.0,336.86,320.44,353.29
52000.0,354.45,338.23,370.68
54000.0,374.18,357.31,391.05
56000.0,391.86,374.50,409.23
58000.0,410.05,391.21,428.89
60000.0,429.23,410.44,448.02
62000.0,448.36,429.06,467.67
64000.0,469.05,449.11,488.98
66000.0,487.36,466.75,507.98
68000.0,503.77,482.64,524.91
70000.0,520.36,498.26,542.46
72000.0,538.18,515.03,561.33
74000.0,553.23,529.11,577.34
76000.0,567.09,542.74,591.44
78000.0,582.05,557.79,606.30
80000.0,596.41,572.03,620.79
82000.0,612.45,587.34,637.57
84000.0,628.91,603.43,654.39
86000.0,643.91,618.13,669.69
88000.0,661.27,634.84,687.70
90000.0,677.14,650.83,703.44
92000.0,695.41,668.57,722.25
94000.0,713.55,685.60,741.49
96000.0,730.36,700.89,759.84
98000.0,748.09,718.61,777.58
100000.0,765.50,735.73,795.27
