step,mean,ci_down,ci_up
10000.0,-0.02,-0.03,-0.01
12000.0,-0.04,-0.05,-0.02
14000.0,-0.05,-0.06,-0.04
16000.0,-0.06,-0.08,-0.05
18000.0,-0.07,-0.09,-0.06
20000.0,-0.08,-0.09,-0.07
22000.0,-0.09,-0.11,-0.08
24000.0,-0.10,-0.12,-0.08
26000.0,-0.12,-0.14,-0.09
28000.0,-0.13,-0.16,-0.11
30000.0,-0.15,-0.17,-0.12
32000.0,-0.16,-0.18,-0.13
34000.0,-0.16,-0.19,-0.14
36000.0,-0.18,-0.20,-0.15
38000.0,-0.19,-0.22,-0.16
40000.0,-0.20,-0.23,-0.17
42000.0,-0.21,-0.24,-0.18
44000.0,-0.22,-0.25,-0.19
46000.0,-0.22,-0.25,-0.19
48000.0,-0.23,-0.26,-0.19
50000.0,-0.23,-0.26,-0.20
52000.0,-0.24,-0.27,-0.20
54000.0,-0.24,-0.27,-0.21
56000.0,-0.24,-0.28,-0.21
58000.0,-0.25,-0.28,-0.21
60000.0,-0.25,-0.28,-0.21
62000.0,-0.25,-0.29,-0.21
64000.0,-0.25,-0.29,-0.21
66000.0,-0.25,-0.29,-0.22
68000.0,-0.26,-0.30,-0.22
70000.0,-0.26,-0.30,-0.22
72000.0,-0.26,-0.30,-0.22
74000.0,-0.27,-0.31,-0.22
76000.0,-0.27,-0.31,-0.23
78000.0,-0.27,-0.31,-0.23
80000.0,-0.27,-0.32,-0.23
82000.0,-0.28,-0.33,-0.23
84000.0,-0.29,-0.33,-0.24
86000.0,-0.29,-0.34,-0.24
88000.0,-0.29,-0.34,-0.24
90000.0,-0.29,-0.35,-0.24
92000.0,-0.29,-0.35,-0.24
94000.0,-0.30,-0.35,-0.24
96000.0,-0.30,-0.35,-0.25
98000.0,-0.30,-0.35,-0.25
100000.0,-0.30,-0.36,-0.25
