step,mean,ci_down,ci_up
0.0,6.67,2.88,10.46
2000.0,15.67,10.50,20.83
4000.0,23.89,18.78,29.00
6000.0,37.44,31.83,43.06
8000.0,49.00,42.39,55.61
10000.0,63.33,55.56,71.11
12000.0,77.78,69.61,85.95
14000.0,92.56,84.24,100.87
16000.0,109.78,100.85,118.71
18000.0,122.78,114.12,131.43
20000.0,136.67,126.59,146.74
22000.0,154.33,144.40,164.27
24000.0,167.89,154.49,181.29
26000.0,182.56,166.48,198.63
28000.0,202.00,185.57,218.43
30000.0,220.44,201.66,239.23
32000.0,242.56,221.59,263.52
34000.0,261.11,239.11,283.11
36000.0,274.33,249.67,298.99
38000.0,290.89,265.34,316.44
40000.0,307.11,279.87,334.35
42000.0,323.22,296.11,350.34
44000.0,343.00,315.15,370.85
46000.0,358.22,329.18,387.26
48000.0,373.56,342.08,405.03
50000.0,392.56,361.16,423.96
52000.0,412.44,380.67,444.22
54000.0,431.33,398.21,464.46
56000.0,448.22,412.37,484.07
58000.0,466.44,430.51,502.38
60000.0,484.44,447.65,521.24
62000.0,504.56,466.99,542.12
64000.0,521.33,482.94,559.73
66000.0,535.78,498.76,572.79
68000.0,550.56,511.70,589.41
70000.0,569.22,528.61,609.83
72000.0,583.78,542.41,625.15
74000.0,597.56,555.75,639.36
76000.0,613.89,572.81,654.97
78000.0,629.33,588.41,670.25
80000.0,645.56,601.93,689.18
82000.0,662.11,618.87,705.35
84000.0,674.22,630.77,717.68
86000.0,691.67,646.60,736.73
88000.0,709.67,664.11,755.22
90000.0,731.00,684.71,777.29
92000.0,748.33,698.97,797.70
94000.0,762.22,711.03,813.42
96000.0,782.11,730.41,833.81
98000.0,799.67,747.71,851.62
