step,mean,ci_down,ci_up
10000.0,78.87,70.31,87.43
12000.0,167.72,153.64,181.81
14000.0,259.18,245.57,272.78
16000.0,350.01,334.52,365.49
18000.0,443.88,426.42,461.34
20000.0,540.35,521.92,558.79
22000.0,634.22,612.80,655.64
24000.0,734.12,708.92,759.32
26000.0,833.05,806.77,859.32
28000.0,924.66,893.11,956.21
30000.0,1015.19,986.39,1044.00
32000.0,1111.81,1082.29,1141.33
34000.0,1207.86,1175.69,1240.04
36000.0,1298.68,1264.20,1333.16
38000.0,1392.94,1358.43,1427.44
40000.0,1491.86,1456.48,1527.23
42000.0,1592.53,1556.60,1628.46
44000.0,1699.01,1661.73,1736.28
46000.0,1803.73,1766.33,1841.13
48000.0,1908.61,1870.23,1946.99
50000.0,2014.13,1974.59,2053.67
52000.0,2117.70,2075.98,2159.42
54000.0,2221.73,2177.78,2265.67
56000.0,2325.58,2280.34,2370.83
58000.0,2430.81,2383.76,2477.87
60000.0,2533.78,2487.78,2579.78
62000.0,2636.17,2589.99,2682.35
64000.0,2738.10,2689.44,2786.75
66000.0,2843.84,2794.34,2893.35
68000.0,2950.60,2901.10,3000.10
70000.0,3060.42,3008.60,3112.24
72000.0,3166.07,3113.60,3218.55
74000.0,3277.32,3222.42,3332.22
76000.0,3387.41,3331.99,3442.82
78000.0,3498.97,3443.68,3554.27
80000.0,3607.58,3552.35,3662.80
82000.0,3715.37,3658.77,3771.97
84000.0,3822.16,3765.32,3879.00
86000.0,3933.89,3875.43,3992.35
88000.0,4041.81,3981.04,4102.59
90000.0,4150.01,4086.06,4213.96
92000.0,4255.13,4190.38,4319.88
94000.0,4360.40,4292.91,4427.88
96000.0,4468.56,4397.71,4539.40
98000.0,4579.34,4505.52,4653.16
100000.0,4688.24,4613.04,4763.44
