step,mean,ci_down,ci_up
2000.0,6.67,3.51,9.83
4000.0,9.77,6.74,12.80
6000.0,10.42,8.10,12.74
8000.0,14.30,11.79,16.81
10000.0,14.05,12.07,16.02
12000.0,15.09,13.56,16.62
14000.0,15.52,13.45,17.59
16000.0,16.61,14.72,18.50
18000.0,17.52,15.61,19.43
20000.0,16.17,13.93,18.42
22000.0,16.21,13.51,18.91
24000.0,15.71,13.27,18.15
26000.0,14.44,12.06,16.83
28000.0,13.55,11.31,15.79
30000.0,16.84,14.79,18.90
32000.0,17.67,15.90,19.43
34000.0,17.37,15.34,19.40
36000.0,15.27,13.48,17.05
38000.0,17.05,14.98,19.11
40000.0,15.34,13.58,17.11
42000.0,16.48,14.88,18.07
44000.0,16.55,15.12,17.97
46000.0,16.20,14.57,17.84
48000.0,15.84,14.51,17.18
50000.0,17.13,15.80,18.47
52000.0,17.49,15.90,19.08
54000.0,19.78,18.12,21.44
56000.0,17.11,15.64,18.58
58000.0,17.69,16.03,19.34
60000.0,18.29,16.55,20.03
62000.0,18.02,16.39,19.66
64000.0,19.16,17.54,20.77
66000.0,17.44,15.78,19.11
68000.0,17.09,15.48,18.70
70000.0,17.40,15.76,19.04
72000.0,17.47,15.76,19.17
74000.0,15.64,14.15,17.14
76000.0,16.07,14.65,17.49
78000.0,16.49,14.90,18.08
80000.0,16.02,14.43,17.62
82000.0,17.02,15.52,18.53
84000.0,16.51,14.90,18.12
86000.0,16.40,14.77,18.02
88000.0,17.56,16.26,18.86
90000.0,15.30,13.91,16.69
92000.0,18.37,16.66,20.09
94000.0,17.74,16.44,19.05
96000.0,18.14,16.45,19.83
98000.0,19.10,17.46,20.74
100000.0,18.02,16.37,19.68
