step,mean,ci_down,ci_up
2000.0,39.45,35.88,43.01
4000.0,53.27,45.24,61.29
6000.0,62.58,54.92,70.25
8000.0,79.68,73.14,86.22
10000.0,78.87,71.73,86.01
12000.0,88.85,83.46,94.24
14000.0,91.68,86.35,97.00
16000.0,90.71,87.74,93.67
18000.0,93.94,89.07,98.82
20000.0,96.32,92.70,99.94
22000.0,93.45,88.09,98.82
24000.0,100.17,94.54,105.79
26000.0,97.19,88.89,105.48
28000.0,95.32,87.99,102.65
30000.0,90.88,84.15,97.60
32000.0,95.10,89.93,100.28
34000.0,92.09,85.75,98.44
36000.0,86.95,80.35,93.55
38000.0,92.06,86.08,98.05
40000.0,95.22,90.56,99.88
42000.0,97.53,93.57,101.49
44000.0,101.46,98.24,104.68
46000.0,102.55,98.98,106.12
48000.0,101.68,97.96,105.41
50000.0,101.60,97.76,105.43
52000.0,102.14,98.50,105.78
54000.0,101.78,98.44,105.11
56000.0,103.45,100.19,106.70
58000.0,102.19,98.65,105.74
60000.0,103.18,99.60,106.75
62000.0,103.57,100.37,106.78
64000.0,103.58,100.00,107.16
66000.0,105.71,102.12,109.31
68000.0,106.63,103.69,109.58
70000.0,108.13,104.61,111.66
72000.0,105.74,102.51,108.98
74000.0,108.79,105.04,112.53
76000.0,105.84,102.13,109.55
78000.0,108.08,104.26,111.91
80000.0,108.34,104.82,111.87
82000.0,106.30,103.77,108.83
84000.0,105.82,102.24,109.39
86000.0,108.65,105.40,111.89
88000.0,106.87,103.50,110.24
90000.0,106.60,102.64,110.56
92000.0,105.50,101.96,109.04
94000.0,105.91,102.82,109.00
96000.0,105.85,102.46,109.25
98000.0,106.56,103.27,109.85
100000.0,106.71,102.89,110.53
