step,mean,ci_down,ci_up
6000.0,59.04,54.64,63.45
8000.0,130.16,123.92,136.41
10000.0,208.10,199.11,217.08
12000.0,283.44,273.00,293.88
14000.0,363.34,350.16,376.53
16000.0,447.15,432.58,461.72
18000.0,531.63,514.51,548.75
20000.0,616.80,599.09,634.52
22000.0,701.51,683.32,719.70
24000.0,785.35,765.34,805.36
26000.0,871.56,850.66,892.45
28000.0,960.10,936.80,983.39
30000.0,1049.88,1024.84,1074.91
32000.0,1140.54,1114.74,1166.33
34000.0,1232.48,1205.49,1259.48
36000.0,1324.40,1295.93,1352.87
38000.0,1421.23,1391.28,1451.17
40000.0,1515.86,1484.99,1546.73
42000.0,1612.27,1580.62,1643.91
44000.0,1706.32,1673.41,1739.23
46000.0,1802.89,1768.89,1836.88
48000.0,1899.20,1863.99,1934.41
50000.0,2000.78,1963.58,2037.97
52000.0,2095.11,2056.94,2133.28
54000.0,2190.97,2152.27,2229.67
56000.0,2285.97,2245.88,2326.06
58000.0,2382.74,2343.04,2422.45
60000.0,2478.37,2438.50,2518.24
62000.0,2578.31,2538.45,2618.17
64000.0,2676.38,2637.04,2715.72
66000.0,2776.92,2737.31,2816.53
68000.0,2878.81,2838.93,2918.70
70000.0,2978.87,2937.37,3020.37
72000.0,3080.10,3038.11,3122.10
74000.0,3184.52,3143.67,3225.36
76000.0,3284.57,3242.61,3326.52
78000.0,3378.51,3336.69,3420.33
80000.0,3478.58,3435.97,3521.19
82000.0,3578.51,3534.86,3622.15
84000.0,3680.66,3636.48,3724.84
86000.0,3780.93,3735.65,3826.22
88000.0,3879.80,3833.69,3925.91
90000.0,3977.64,3930.28,4025.00
92000.0,4077.28,4028.14,4126.42
94000.0,4177.28,4126.17,4228.39
96000.0,4280.22,4228.57,4331.88
98000.0,4380.94,4327.93,4433.94
100000.0,4478.83,4423.64,4534.01
