step,mean,ci_down,ci_up
2000.0,29.80,25.40,34.21
4000.0,44.37,40.76,47.97
6000.0,59.04,54.64,63.45
8000.0,71.12,66.69,75.55
10000.0,77.93,72.97,82.90
12000.0,75.35,71.53,79.16
14000.0,79.90,74.83,84.97
16000.0,83.81,79.56,88.06
18000.0,84.48,79.58,89.38
20000.0,85.17,80.38,89.96
22000.0,84.70,80.40,89.01
24000.0,83.84,80.36,87.33
26000.0,86.21,81.84,90.58
28000.0,88.54,83.61,93.46
30000.0,89.78,85.28,94.28
32000.0,90.66,86.57,94.75
34000.0,91.94,87.43,96.46
36000.0,91.92,87.04,96.79
38000.0,96.82,92.12,101.53
40000.0,94.63,90.04,99.23
42000.0,96.41,92.06,100.75
44000.0,94.05,88.79,99.32
46000.0,96.57,91.23,101.91
48000.0,96.31,92.40,100.23
50000.0,101.58,96.62,106.54
52000.0,94.33,89.79,98.87
54000.0,95.86,91.80,99.92
56000.0,95.00,91.39,98.62
58000.0,96.77,92.74,100.80
60000.0,95.63,91.29,99.97
62000.0,99.94,95.64,104.24
64000.0,98.07,93.80,102.34
66000.0,100.54,95.61,105.47
68000.0,101.89,96.69,107.10
70000.0,100.06,94.90,105.22
72000.0,101.23,97.09,105.37
74000.0,104.41,99.35,109.48
76000.0,100.05,95.12,104.99
78000.0,100.71,96.13,105.28
80000.0,100.07,95.50,104.64
82000.0,99.93,96.43,103.43
84000.0,102.16,97.99,106.33
86000.0,100.27,95.61,104.93
88000.0,98.87,93.61,104.12
90000.0,97.84,93.14,102.54
92000.0,99.64,93.82,105.46
94000.0,100.00,95.45,104.56
96000.0,102.94,98.58,107.30
98000.0,100.71,95.98,105.45
100000.0,97.89,93.50,102.28
