step,mean,ci_down,ci_up
700.0,-288.85,-359.28,-218.41
750.0,-503.20,-603.74,-402.65
800.0,-678.63,-794.99,-562.28
850.0,-845.43,-974.28,-716.57
900.0,-960.76,-1100.89,-820.62
950.0,-1062.35,-1209.58,-915.13
1000.0,-1190.85,-1346.88,-1034.81
1050.0,-1277.84,-1437.45,-1118.24
1100.0,-1305.99,-1466.50,-1145.47
1150.0,-1361.37,-1523.77,-1198.97
1200.0,-1412.26,-1575.04,-1249.48
1250.0,-1446.64,-1609.88,-1283.40
1300.0,-1478.42,-1642.69,-1314.14
1350.0,-1511.13,-1676.80,-1345.46
1400.0,-1549.74,-1716.49,-1383.00
1450.0,-1591.62,-1760.29,-1422.95
1500.0,-1627.31,-1796.55,-1458.06
1550.0,-1647.65,-1817.23,-1478.07
1600.0,-1665.17,-1835.17,-1495.17
1650.0,-1725.37,-1903.83,-1546.92
1700.0,-1743.03,-1921.63,-1564.44
1750.0,-1799.85,-1983.18,-1616.52
1800.0,-1827.81,-2012.76,-1642.85
1850.0,-1857.73,-2043.20,-1672.27
1900.0,-1881.13,-2069.08,-1693.19
1950.0,-1886.51,-2074.48,-1698.55
2000.0,-1893.42,-2081.46,-1705.39
2050.0,-1900.21,-2088.45,-1711.97
2100.0,-1904.93,-2093.76,-1716.10
2150.0,-1907.09,-2096.27,-1717.92
2200.0,-1906.57,-2096.03,-1717.12
2250.0,-1905.53,-2095.06,-1716.00
2300.0,-1905.25,-2094.96,-1715.54
2350.0,-1908.16,-2098.61,-1717.71
2400.0,-1905.42,-2095.78,-1715.06
2450.0,-1903.98,-2095.26,-1712.70
2500.0,-1896.21,-2087.46,-1704.96
2550.0,-1888.12,-2079.34,-1696.89
2600.0,-1878.41,-2069.64,-1687.18
2650.0,-1867.66,-2058.93,-1676.39
2700.0,-1856.85,-2048.18,-1665.53
2750.0,-1845.40,-2036.78,-1654.02
2800.0,-1833.17,-2024.63,-1641.70
2850.0,-1820.16,-2011.67,-1628.65
2900.0,-1810.71,-2002.10,-1619.32
2950.0,-1796.87,-1988.25,-1605.48
3000.0,-1782.70,-1974.09,-1591.31
3050.0,-1768.20,-1959.60,-1576.81
3100.0,-1753.26,-1944.65,-1561.87
3150.0,-1737.93,-1929.33,-1546.52
3200.0,-1722.34,-1913.74,-1530.93
3250.0,-1708.14,-1899.52,-1516.75
3300.0,-1691.45,-1882.83,-1500.06
3350.0,-1674.69,-1866.07,-1483.32
3400.0,-1657.81,-1849.18,-1466.44
3450.0,-1640.73,-1832.11,-1449.36
3500.0,-1623.59,-1814.97,-1432.21
3550.0,-1606.25,-1797.65,-1414.86
3600.0,-1588.79,-1780.19,-1397.39
3650.0,-1571.19,-1762.62,-1379.77
3700.0,-1553.60,-1745.05,-1362.15
3750.0,-1535.81,-1727.26,-1344.36
3800.0,-1517.96,-1709.42,-1326.50
3850.0,-1500.10,-1691.57,-1308.64
3900.0,-1482.12,-1673.61,-1290.64
3950.0,-1464.14,-1655.63,-1272.65
4000.0,-1446.03,-1637.53,-1254.53
4050.0,-1427.85,-1619.36,-1236.35
4100.0,-1409.68,-1601.19,-1218.17
4150.0,-1391.44,-1582.95,-1199.92
4200.0,-1373.20,-1564.71,-1181.68
4250.0,-1354.95,-1546.46,-1163.44
4300.0,-1336.71,-1528.22,-1145.21
4350.0,-1318.47,-1509.98,-1126.97
4400.0,-1300.23,-1491.73,-1108.73
4450.0,-1281.93,-1473.43,-1090.43
4500.0,-1263.62,-1455.12,-1072.12
4550.0,-1245.32,-1436.82,-1053.82
4600.0,-1227.01,-1418.51,-1035.51
4650.0,-1208.71,-1400.21,-1017.20
4700.0,-1190.34,-1381.84,-998.83
4750.0,-1171.97,-1363.47,-980.46
4800.0,-1153.60,-1345.10,-962.09
4850.0,-1135.23,-1326.73,-943.72
4900.0,-1116.86,-1308.36,-925.35
4950.0,-1098.49,-1289.99,-906.98
5000.0,-1080.12,-1271.62,-888.61
5050.0,-1061.75,-1253.25,-870.24
5100.0,-1043.38,-1234.88,-851.87
5150.0,-1025.01,-1216.51,-833.50
5200.0,-1006.64,-1198.14,-815.13
5250.0,-988.27,-1179.77,-796.76
5300.0,-969.90,-1161.40,-778.39
5350.0,-951.53,-1143.03,-760.02
5400.0,-933.16,-1124.66,-741.65
5450.0,-914.79,-1106.29,-723.28
5500.0,-896.42,-1087.92,-704.91
5550.0,-878.05,-1069.55,-686.54
5600.0,-859.68,-1051.18,-668.17
5650.0,-841.31,-1032.81,-649.80
5700.0,-822.94,-1014.44,-631.43
5750.0,-804.57,-996.07,-613.06
5800.0,-786.20,-977.70,-594.69
5850.0,-767.83,-959.33,-576.32
5900.0,-749.46,-940.96,-557.95
5950.0,-731.09,-922.59,-539.58
6000.0,-712.72,-904.22,-521.21
6050.0,-694.35,-885.85,-502.84
6100.0,-675.98,-867.48,-484.47
6150.0,-657.61,-849.11,-466.10
6200.0,-639.24,-830.74,-447.73
6250.0,-620.87,-812.37,-429.36
6300.0,-602.50,-794.00,-410.99
6350.0,-584.13,-775.63,-392.62
6400.0,-565.76,-757.26,-374.25
6450.0,-547.39,-738.89,-355.88
6500.0,-529.02,-720.52,-337.51
6550.0,-510.65,-702.15,-319.14
6600.0,-492.28,-683.78,-300.77
6650.0,-473.91,-665.41,-282.40
6700.0,-455.54,-647.04,-264.03
6750.0,-437.17,-628.67,-245.66
6800.0,-418.80,-610.30,-227.29
6850.0,-400.43,-591.93,-208.92
6900.0,-382.06,-573.56,-190.55
6950.0,-363.69,-555.19,-172.18
7000.0,-345.32,-536.82,-153.81
7050.0,-326.95,-518.45,-135.44
7100.0,-308.58,-500.08,-117.07
7150.0,-290.21,-481.71,-98.70
7200.0,-271.84,-463.34,-80.33
7250.0,-253.47,-444.97,-61.96
7300.0,-235.10,-426.60,-43.59
7350.0,-216.73,-408.23,-25.22
7400.0,-198.36,-389.86,-6.85
7450.0,-179.99,-371.49,11.52
7500.0,-161.62,-353.12,29.89
7550.0,-143.25,-334.75,48.26
7600.0,-124.88,-316.38,66.63
7650.0,-106.51,-298.01,85.00
7700.0,-88.14,-279.64,103.37
7750.0,-69.77,-261.27,121.74
7800.0,-51.40,-242.90,140.11
7850.0,-33.03,-224.53,158.48
7900.0,-14.66,-206.16,176.85
7950.0,3.71,-187.79,195.22
8000.0,22.08,-169.42,213.59
