step,mean,ci_down,ci_up
0.0,105.50,105.50,105.50
50.0,135.50,135.50,135.50
100.0,211.50,211.50,211.50
150.0,413.50,413.50,413.50
200.0,615.50,615.50,615.50
250.0,650.50,650.50,650.50
300.0,852.50,852.50,852.50
350.0,1054.50,1054.50,1054.50
400.0,1095.00,1095.00,1095.00
450.0,1297.00,1297.00,1297.00
500.0,1499.00,1499.00,1499.00
550.0,1701.00,1701.00,1701.00
600.0,1903.00,1903.00,1903.00
650.0,2105.00,2105.00,2105.00
700.0,2307.00,2307.00,2307.00
750.0,2509.00,2509.00,2509.00
800.0,2711.00,2711.00,2711.00
850.0,2913.00,2913.00,2913.00
900.0,3115.00,3115.00,3115.00
950.0,3317.00,3317.00,3317.00
1000.0,3519.00,3519.00,3519.00
1050.0,3721.00,3721.00,3721.00
1100.0,3923.00,3923.00,3923.00
1150.0,4125.00,4125.00,4125.00
1200.0,4327.00,4327.00,4327.00
1250.0,4529.00,4529.00,4529.00
1300.0,4731.00,4731.00,4731.00
1350.0,4933.00,4933.00,4933.00
1400.0,5135.00,5135.00,5135.00
1450.0,5337.00,5337.00,5337.00
1500.0,5539.00,5539.00,5539.00
1550.0,5741.00,5741.00,5741.00
1600.0,5943.00,5943.00,5943.00
1650.0,6145.00,6145.00,6145.00
1700.0,6347.00,6347.00,6347.00
1750.0,6549.00,6549.00,6549.00
1800.0,6751.00,6751.00,6751.00
1850.0,6953.00,6953.00,6953.00
1900.0,7155.00,7155.00,7155.00
1950.0,7357.00,7357.00,7357.00
2000.0,7559.00,7559.00,7559.00
2050.0,7761.00,7761.00,7761.00
2100.0,7963.00,7963.00,7963.00
2150.0,7983.00,7983.00,7983.00
2200.0,8185.00,8185.00,8185.00
2250.0,8387.00,8387.00,8387.00
2300.0,8407.00,8407.00,8407.00
2350.0,8427.00,8427.00,8427.00
2400.0,8447.00,8447.00,8447.00
2450.0,8467.00,8467.00,8467.00
2500.0,8487.00,8487.00,8487.00
2550.0,8507.00,8507.00,8507.00
2600.0,8527.00,8527.00,8527.00
2650.0,8547.00,8547.00,8547.00
2700.0,8567.00,8567.00,8567.00
2750.0,8587.00,8587.00,8587.00
2800.0,8607.00,8607.00,8607.00
2850.0,8627.00,8627.00,8627.00
2900.0,8647.00,8647.00,8647.00
2950.0,8667.00,8667.00,8667.00
3000.0,8687.00,8687.00,8687.00
3050.0,8707.00,8707.00,8707.00
3100.0,8727.00,8727.00,8727.00
3150.0,8747.00,8747.00,8747.00
3200.0,8767.00,8767.00,8767.00
3250.0,8787.00,8787.00,8787.00
3300.0,8807.00,8807.00,8807.00
3350.0,8827.00,8827.00,8827.00
3400.0,8847.00,8847.00,8847.00
3450.0,8867.00,8867.00,8867.00
3500.0,8887.00,8887.00,8887.00
3550.0,8907.00,8907.00,8907.00
3600.0,8927.00,8927.00,8927.00
3650.0,8947.00,8947.00,8947.00
3700.0,8967.00,8967.00,8967.00
3750.0,8987.00,8987.00,8987.00
3800.0,9007.00,9007.00,9007.00
3850.0,9027.00,9027.00,9027.00
3900.0,9047.00,9047.00,9047.00
3950.0,9067.00,9067.00,9067.00
4000.0,9087.00,9087.00,9087.00
4050.0,9107.00,9107.00,9107.00
4100.0,9127.00,9127.00,9127.00
4150.0,9147.00,9147.00,9147.00
4200.0,9167.00,9167.00,9167.00
4250.0,9187.00,9187.00,9187.00
4300.0,9207.00,9207.00,9207.00
4350.0,9227.00,9227.00,9227.00
4400.0,9247.00,9247.00,9247.00
4450.0,9267.00,9267.00,9267.00
4500.0,9287.00,9287.00,9287.00
4550.0,9307.00,9307.00,9307.00
4600.0,9327.00,9327.00,9327.00
4650.0,9347.00,9347.00,9347.00
4700.0,9367.00,9367.00,9367.00
4750.0,9387.00,9387.00,9387.00
4800.0,9407.00,9407.00,9407.00
4850.0,9427.00,9427.00,9427.00
4900.0,9447.00,9447.00,9447.00
4950.0,9467.00,9467.00,9467.00
5000.0,9487.00,9487.00,9487.00
5050.0,9507.00,9507.00,9507.00
5100.0,9527.00,9527.00,9527.00
5150.0,9547.00,9547.00,9547.00
5200.0,9567.00,9567.00,9567.00
5250.0,9587.00,9587.00,9587.00
5300.0,9607.00,9607.00,9607.00
5350.0,9627.00,9627.00,9627.00
5400.0,9647.00,9647.00,9647.00
5450.0,9667.00,9667.00,9667.00
5500.0,9687.00,9687.00,9687.00
5550.0,9707.00,9707.00,9707.00
5600.0,9727.00,9727.00,9727.00
5650.0,9747.00,9747.00,9747.00
5700.0,9767.00,9767.00,9767.00
5750.0,9787.00,9787.00,9787.00
5800.0,9807.00,9807.00,9807.00
5850.0,9827.00,9827.00,9827.00
5900.0,9847.00,9847.00,9847.00
5950.0,9867.00,9867.00,9867.00
6000.0,9887.00,9887.00,9887.00
6050.0,9907.00,9907.00,9907.00
6100.0,9927.00,9927.00,9927.00
6150.0,9947.00,9947.00,9947.00
6200.0,9967.00,9967.00,9967.00
6250.0,9987.00,9987.00,9987.00
6300.0,10007.00,10007.00,10007.00
6350.0,10027.00,10027.00,10027.00
6400.0,10047.00,10047.00,10047.00
6450.0,10067.00,10067.00,10067.00
6500.0,10087.00,10087.00,10087.00
6550.0,10107.00,10107.00,10107.00
6600.0,10127.00,10127.00,10127.00
6650.0,10147.00,10147.00,10147.00
6700.0,10167.00,10167.00,10167.00
6750.0,10187.00,10187.00,10187.00
6800.0,10207.00,10207.00,10207.00
6850.0,10227.00,10227.00,10227.00
6900.0,10247.00,10247.00,10247.00
6950.0,10267.00,10267.00,10267.00
7000.0,10287.00,10287.00,10287.00
7050.0,10307.00,10307.00,10307.00
7100.0,10327.00,10327.00,10327.00
7150.0,10347.00,10347.00,10347.00
7200.0,10367.00,10367.00,10367.00
7250.0,10387.00,10387.00,10387.00
7300.0,10407.00,10407.00,10407.00
7350.0,10427.00,10427.00,10427.00
7400.0,10447.00,10447.00,10447.00
7450.0,10467.00,10467.00,10467.00
7500.0,10487.00,10487.00,10487.00
7550.0,10507.00,10507.00,10507.00
7600.0,10527.00,10527.00,10527.00
7650.0,10547.00,10547.00,10547.00
