step,mean,ci_down,ci_up
0.0,-2409.47,-2409.47,-2409.47
50.0,-4123.91,-4123.91,-4123.91
100.0,-5046.04,-5046.04,-5046.04
150.0,-5056.04,-5056.04,-5056.04
200.0,-5066.04,-5066.04,-5066.04
250.0,-8188.13,-8188.13,-8188.13
300.0,-8198.13,-8198.13,-8198.13
350.0,-8208.13,-8208.13,-8208.13
400.0,-10400.22,-10400.22,-10400.22
450.0,-10759.93,-10759.93,-10759.93
500.0,-10769.93,-10769.93,-10769.93
550.0,-10779.93,-10779.93,-10779.93
600.0,-10789.93,-10789.93,-10789.93
650.0,-10799.93,-10799.93,-10799.93
700.0,-10809.93,-10809.93,-10809.93
750.0,-10819.93,-10819.93,-10819.93
800.0,-10829.93,-10829.93,-10829.93
850.0,-10839.93,-10839.93,-10839.93
900.0,-10849.93,-10849.93,-10849.93
950.0,-10859.93,-10859.93,-10859.93
1000.0,-10869.93,-10869.93,-10869.93
1050.0,-10879.93,-10879.93,-10879.93
1100.0,-10889.93,-10889.93,-10889.93
1150.0,-10899.93,-10899.93,-10899.93
1200.0,-10909.93,-10909.93,-10909.93
1250.0,-10919.93,-10919.93,-10919.93
1300.0,-10929.93,-10929.93,-10929.93
1350.0,-10939.93,-10939.93,-10939.93
1400.0,-10949.93,-10949.93,-10949.93
1450.0,-10959.93,-10959.93,-10959.93
1500.0,-10969.93,-10969.93,-10969.93
1550.0,-10979.93,-10979.93,-10979.93
1600.0,-10989.93,-10989.93,-10989.93
1650.0,-10999.93,-10999.93,-10999.93
1700.0,-11009.93,-11009.93,-11009.93
1750.0,-11019.93,-11019.93,-11019.93
1800.0,-11029.93,-11029.93,-11029.93
1850.0,-11039.93,-11039.93,-11039.93
1900.0,-11049.93,-11049.93,-11049.93
1950.0,-11059.93,-11059.93,-11059.93
2000.0,-11069.93,-11069.93,-11069.93
2050.0,-11079.93,-11079.93,-11079.93
2100.0,-11089.93,-11089.93,-11089.93
2150.0,-11071.56,-11071.56,-11071.56
2200.0,-11081.56,-11081.56,-11081.56
2250.0,-11091.56,-11091.56,-11091.56
2300.0,-11073.19,-11073.19,-11073.19
2350.0,-11054.82,-11054.82,-11054.82
2400.0,-11036.45,-11036.45,-11036.45
2450.0,-11018.08,-11018.08,-11018.08
2500.0,-10999.71,-10999.71,-10999.71
2550.0,-10981.34,-10981.34,-10981.34
2600.0,-10962.97,-10962.97,-10962.97
2650.0,-10944.60,-10944.60,-10944.60
2700.0,-10926.23,-10926.23,-10926.23
2750.0,-10907.86,-10907.86,-10907.86
2800.0,-10889.49,-10889.49,-10889.49
2850.0,-10871.12,-10871.12,-10871.12
2900.0,-10852.75,-10852.75,-10852.75
2950.0,-10834.38,-10834.38,-10834.38
3000.0,-10816.01,-10816.01,-10816.01
3050.0,-10797.64,-10797.64,-10797.64
3100.0,-10779.27,-10779.27,-10779.27
3150.0,-10760.90,-10760.90,-10760.90
3200.0,-10742.53,-10742.53,-10742.53
3250.0,-10724.16,-10724.16,-10724.16
3300.0,-10705.79,-10705.79,-10705.79
3350.0,-10687.42,-10687.42,-10687.42
3400.0,-10669.05,-10669.05,-10669.05
3450.0,-10650.68,-10650.68,-10650.68
3500.0,-10632.31,-10632.31,-10632.31
3550.0,-10613.94,-10613.94,-10613.94
3600.0,-10595.57,-10595.57,-10595.57
3650.0,-10577.20,-10577.20,-10577.20
3700.0,-10558.83,-10558.83,-10558.83
3750.0,-10540.46,-10540.46,-10540.46
3800.0,-10522.09,-10522.09,-10522.09
3850.0,-10503.72,-10503.72,-10503.72
3900.0,-10485.35,-10485.35,-10485.35
3950.0,-10466.98,-10466.98,-10466.98
4000.0,-10448.61,-10448.61,-10448.61
4050.0,-10430.24,-10430.24,-10430.24
4100.0,-10411.87,-10411.87,-10411.87
4150.0,-10393.50,-10393.50,-10393.50
4200.0,-10375.13,-10375.13,-10375.13
4250.0,-10356.76,-10356.76,-10356.76
4300.0,-10338.39,-10338.39,-10338.39
4350.0,-10320.02,-10320.02,-10320.02
4400.0,-10301.65,-10301.65,-10301.65
4450.0,-10283.28,-10283.28,-10283.28
4500.0,-10264.91,-10264.91,-10264.91
4550.0,-10246.54,-10246.54,-10246.54
4600.0,-10228.17,-10228.17,-10228.17
4650.0,-10209.80,-10209.80,-10209.80
4700.0,-10191.43,-10191.43,-10191.43
4750.0,-10173.06,-10173.06,-10173.06
4800.0,-10154.69,-10154.69,-10154.69
4850.0,-10136.32,-10136.32,-10136.32
4900.0,-10117.95,-10117.95,-10117.95
4950.0,-10099.58,-10099.58,-10099.58
5000.0,-10081.21,-10081.21,-10081.21
5050.0,-10062.84,-10062.84,-10062.84
5100.0,-10044.47,-10044.47,-10044.47
5150.0,-10026.10,-10026.10,-10026.10
5200.0,-10007.73,-10007.73,-10007.73
5250.0,-9989.36,-9989.36,-9989.36
5300.0,-9970.99,-9970.99,-9970.99
5350.0,-9952.62,-9952.62,-9952.62
5400.0,-9934.25,-9934.25,-9934.25
5450.0,-9915.88,-9915.88,-9915.88
5500.0,-9897.51,-9897.51,-9897.51
5550.0,-9879.14,-9879.14,-9879.14
5600.0,-9860.77,-9860.77,-9860.77
5650.0,-9842.40,-9842.40,-9842.40
5700.0,-9824.03,-9824.03,-9824.03
5750.0,-9805.66,-9805.66,-9805.66
5800.0,-9787.29,-9787.29,-9787.29
5850.0,-9768.92,-9768.92,-9768.92
5900.0,-9750.55,-9750.55,-9750.55
5950.0,-9732.18,-9732.18,-9732.18
6000.0,-9713.81,-9713.81,-9713.81
6050.0,-9695.44,-9695.44,-9695.44
6100.0,-9677.07,-9677.07,-9677.07
6150.0,-9658.70,-9658.70,-9658.70
6200.0,-9640.33,-9640.33,-9640.33
6250.0,-9621.96,-9621.96,-9621.96
6300.0,-9603.59,-9603.59,-9603.59
6350.0,-9585.22,-9585.22,-9585.22
6400.0,-9566.85,-9566.85,-9566.85
6450.0,-9548.48,-9548.48,-9548.48
6500.0,-9530.11,-9530.11,-9530.11
6550.0,-9511.74,-9511.74,-9511.74
6600.0,-9493.37,-9493.37,-9493.37
6650.0,-9475.00,-9475.00,-9475.00
6700.0,-9456.63,-9456.63,-9456.63
6750.0,-9438.26,-9438.26,-9438.26
6800.0,-9419.89,-9419.89,-9419.89
6850.0,-9401.52,-9401.52,-9401.52
6900.0,-9383.15,-9383.15,-9383.15
6950.0,-9364.78,-9364.78,-9364.78
7000.0,-9346.41,-9346.41,-9346.41
7050.0,-9328.04,-9328.04,-9328.04
7100.0,-9309.67,-9309.67,-9309.67
7150.0,-9291.30,-9291.30,-9291.30
7200.0,-9272.93,-9272.93,-9272.93
7250.0,-9254.56,-9254.56,-9254.56
7300.0,-9236.19,-9236.19,-9236.19
7350.0,-9217.82,-9217.82,-9217.82
7400.0,-9199.45,-9199.45,-9199.45
7450.0,-9181.08,-9181.08,-9181.08
7500.0,-9162.71,-9162.71,-9162.71
7550.0,-9144.34,-9144.34,-9144.34
7600.0,-9125.97,-9125.97,-9125.97
7650.0,-9107.60,-9107.60,-9107.60
