step,mean,ci_down,ci_up
700.0,181.60,176.93,186.28
750.0,371.04,364.74,377.34
800.0,562.31,554.80,569.82
850.0,758.99,751.06,766.91
900.0,953.17,944.52,961.83
950.0,1148.28,1139.25,1157.32
1000.0,1341.52,1331.91,1351.12
1050.0,1536.07,1525.90,1546.23
1100.0,1735.11,1724.73,1745.49
1150.0,1933.34,1922.75,1943.94
1200.0,2130.30,2119.60,2141.00
1250.0,2329.24,2318.24,2340.24
1300.0,2527.63,2516.27,2538.99
1350.0,2726.72,2715.15,2738.29
1400.0,2925.97,2914.29,2937.65
1450.0,3126.31,3114.59,3138.03
1500.0,3326.57,3314.77,3338.37
1550.0,3526.53,3514.56,3538.49
1600.0,3726.05,3713.96,3738.15
1650.0,3922.17,3909.68,3934.65
1700.0,4119.20,4106.34,4132.06
1750.0,4311.45,4298.26,4324.64
1800.0,4499.96,4485.77,4514.15
1850.0,4681.62,4666.78,4696.45
1900.0,4858.75,4841.93,4875.58
1950.0,5030.49,5010.72,5050.26
2000.0,5195.16,5171.18,5219.14
2050.0,5347.38,5318.19,5376.56
2100.0,5495.05,5460.31,5529.78
2150.0,5632.79,5592.03,5673.54
2200.0,5760.99,5714.01,5807.98
2250.0,5880.89,5827.59,5934.20
2300.0,5996.64,5937.67,6055.61
2350.0,6102.88,6038.20,6167.55
2400.0,6203.70,6132.99,6274.41
2450.0,6298.73,6226.52,6370.95
2500.0,6384.24,6309.92,6458.57
2550.0,6467.68,6390.63,6544.73
2600.0,6543.23,6463.08,6623.38
2650.0,6612.15,6528.76,6695.54
2700.0,6680.66,6593.86,6767.45
2750.0,6745.02,6654.29,6835.74
2800.0,6804.40,6709.88,6898.92
2850.0,6858.81,6760.76,6956.87
2900.0,6914.04,6812.10,7015.98
2950.0,6963.06,6857.52,7068.60
3000.0,7010.01,6901.10,7118.92
3050.0,7054.88,6942.51,7167.26
3100.0,7096.86,6981.28,7212.44
3150.0,7136.34,7017.76,7254.92
3200.0,7174.17,7052.68,7295.66
3250.0,7209.08,7085.00,7333.15
3300.0,7239.86,7113.82,7365.89
3350.0,7270.22,7142.18,7398.26
3400.0,7299.76,7169.82,7429.69
3450.0,7328.05,7196.33,7459.76
3500.0,7355.92,7222.57,7489.28
3550.0,7382.56,7247.73,7517.38
3600.0,7408.36,7272.11,7544.62
3650.0,7433.34,7295.77,7570.90
3700.0,7458.31,7319.43,7597.19
3750.0,7482.04,7342.10,7621.98
3800.0,7505.36,7364.47,7646.25
3850.0,7528.68,7386.79,7670.56
3900.0,7551.16,7408.55,7693.77
3950.0,7573.65,7430.27,7717.03
4000.0,7595.31,7451.38,7739.24
4050.0,7616.55,7472.20,7760.91
4100.0,7637.80,7493.02,7782.58
4150.0,7658.63,7513.55,7803.70
4200.0,7679.45,7534.09,7824.82
4250.0,7700.28,7554.61,7845.96
4300.0,7721.11,7575.12,7867.10
4350.0,7741.94,7595.63,7888.25
4400.0,7762.77,7616.13,7909.41
4450.0,7783.19,7636.37,7930.00
4500.0,7803.60,7656.61,7950.59
4550.0,7824.01,7676.85,7971.18
4600.0,7844.43,7697.08,7991.78
4650.0,7864.84,7717.31,8012.38
4700.0,7884.84,7737.31,8032.38
4750.0,7904.84,7757.31,8052.38
4800.0,7924.84,7777.31,8072.38
4850.0,7944.84,7797.31,8092.38
4900.0,7964.84,7817.31,8112.38
4950.0,7984.84,7837.31,8132.38
5000.0,8004.84,7857.31,8152.38
5050.0,8024.84,7877.31,8172.38
5100.0,8044.84,7897.31,8192.38
5150.0,8064.84,7917.31,8212.38
5200.0,8084.84,7937.31,8232.38
5250.0,8104.84,7957.31,8252.38
5300.0,8124.84,7977.31,8272.38
5350.0,8144.84,7997.31,8292.38
5400.0,8164.84,8017.31,8312.38
5450.0,8184.84,8037.31,8332.38
5500.0,8204.84,8057.31,8352.38
5550.0,8224.84,8077.31,8372.38
5600.0,8244.84,8097.31,8392.38
5650.0,8264.84,8117.31,8412.38
5700.0,8284.84,8137.31,8432.38
5750.0,8304.84,8157.31,8452.38
5800.0,8324.84,8177.31,8472.38
5850.0,8344.84,8197.31,8492.38
5900.0,8364.84,8217.31,8512.38
5950.0,8384.84,8237.31,8532.38
6000.0,8404.84,8257.31,8552.38
6050.0,8424.84,8277.31,8572.38
6100.0,8444.84,8297.31,8592.38
6150.0,8464.84,8317.31,8612.38
6200.0,8484.84,8337.31,8632.38
6250.0,8504.84,8357.31,8652.38
6300.0,8524.84,8377.31,8672.38
6350.0,8544.84,8397.31,8692.38
6400.0,8564.84,8417.31,8712.38
6450.0,8584.84,8437.31,8732.38
6500.0,8604.84,8457.31,8752.38
6550.0,8624.84,8477.31,8772.38
6600.0,8644.84,8497.31,8792.38
6650.0,8664.84,8517.31,8812.38
6700.0,8684.84,8537.31,8832.38
6750.0,8704.84,8557.31,8852.38
6800.0,8724.84,8577.31,8872.38
6850.0,8744.84,8597.31,8892.38
6900.0,8764.84,8617.31,8912.38
6950.0,8784.84,8637.31,8932.38
7000.0,8804.84,8657.31,8952.38
7050.0,8824.84,8677.31,8972.38
7100.0,8844.84,8697.31,8992.38
7150.0,8864.84,8717.31,9012.38
7200.0,8884.84,8737.31,9032.38
7250.0,8904.84,8757.31,9052.38
7300.0,8924.84,8777.31,9072.38
7350.0,8944.84,8797.31,9092.38
7400.0,8964.84,8817.31,9112.38
7450.0,8984.84,8837.31,9132.38
7500.0,9004.84,8857.31,9152.38
7550.0,9024.84,8877.31,9172.38
7600.0,9044.84,8897.31,9192.38
7650.0,9064.84,8917.31,9212.38
7700.0,9084.84,8937.31,9232.38
7750.0,9104.84,8957.31,9252.38
7800.0,9124.84,8977.31,9272.38
7850.0,9144.84,8997.31,9292.38
7900.0,9164.84,9017.31,9312.38
7950.0,9184.84,9037.31,9332.38
8000.0,9204.84,9057.31,9352.38
