step,mean,ci_down,ci_up
0.0,181.60,176.93,186.28
50.0,185.83,181.88,189.79
100.0,190.72,187.81,193.62
150.0,194.71,192.54,196.88
200.0,195.44,193.47,197.40
250.0,194.32,192.29,196.35
300.0,195.70,193.89,197.52
350.0,195.81,194.06,197.56
400.0,197.88,196.46,199.30
450.0,197.20,195.70,198.71
500.0,197.71,196.33,199.10
550.0,197.81,196.42,199.19
600.0,198.96,197.79,200.13
650.0,199.77,198.79,200.75
700.0,199.74,198.77,200.70
750.0,200.22,199.36,201.08
800.0,199.54,198.53,200.55
850.0,198.18,196.95,199.40
900.0,198.80,197.69,199.91
950.0,196.04,194.55,197.53
1000.0,194.66,193.03,196.29
1050.0,190.60,188.61,192.58
1100.0,186.31,184.02,188.60
1150.0,181.32,178.74,183.90
1200.0,174.26,171.35,177.16
1250.0,168.90,165.79,172.01
1300.0,160.25,156.86,163.64
1350.0,151.46,147.85,155.07
1400.0,144.97,141.24,148.71
1450.0,135.15,131.27,139.03
1500.0,125.88,121.91,129.85
1550.0,117.51,113.49,121.52
1600.0,111.77,107.74,115.79
1650.0,103.03,99.02,107.04
1700.0,97.01,93.03,100.99
1750.0,91.89,87.95,95.82
1800.0,84.43,80.58,88.28
1850.0,78.97,75.21,82.74
1900.0,74.78,71.09,78.47
1950.0,68.50,64.95,72.06
2000.0,66.23,62.73,69.73
2050.0,60.31,56.97,63.66
2100.0,57.95,54.68,61.22
2150.0,54.12,50.98,57.27
2200.0,51.76,48.71,54.82
2250.0,47.39,44.51,50.27
2300.0,44.39,41.65,47.13
2350.0,42.39,39.74,45.03
2400.0,39.93,37.42,42.44
2450.0,38.02,35.62,40.42
2500.0,35.65,33.40,37.91
2550.0,34.19,32.03,36.35
2600.0,32.10,30.10,34.11
2650.0,30.65,28.76,32.54
2700.0,29.65,27.84,31.45
2750.0,27.64,26.03,29.26
2800.0,26.83,25.30,28.35
2850.0,25.46,24.09,26.83
2900.0,24.46,23.22,25.70
2950.0,23.82,22.67,24.98
3000.0,23.55,22.44,24.66
3050.0,22.91,21.90,23.92
3100.0,22.27,21.38,23.17
3150.0,21.91,21.09,22.73
3200.0,21.36,20.67,22.06
3250.0,21.18,20.54,21.83
3300.0,21.09,20.47,21.71
3350.0,21.00,20.41,21.60
3400.0,20.73,20.22,21.24
3450.0,20.64,20.16,21.11
3500.0,20.55,20.11,20.99
3550.0,20.55,20.11,20.99
3600.0,20.55,20.11,20.99
3650.0,20.55,20.11,20.99
3700.0,20.55,20.11,20.99
3750.0,20.45,20.05,20.86
3800.0,20.45,20.05,20.86
3850.0,20.45,20.05,20.86
3900.0,20.36,20.00,20.72
3950.0,20.45,20.05,20.86
4000.0,20.36,20.00,20.72
4050.0,20.27,19.96,20.58
4100.0,20.27,19.96,20.58
4150.0,20.27,19.96,20.58
4200.0,20.27,19.96,20.58
4250.0,20.27,19.96,20.58
4300.0,20.18,19.93,20.44
4350.0,20.18,19.93,20.44
4400.0,20.09,19.91,20.27
4450.0,20.09,19.91,20.27
4500.0,20.09,19.91,20.27
4550.0,20.09,19.91,20.27
4600.0,20.18,19.93,20.44
4650.0,20.18,19.93,20.44
4700.0,20.18,19.93,20.44
4750.0,20.18,19.93,20.44
4800.0,20.18,19.93,20.44
4850.0,20.18,19.93,20.44
4900.0,20.18,19.93,20.44
4950.0,20.18,19.93,20.44
5000.0,20.18,19.93,20.44
5050.0,20.18,19.93,20.44
5100.0,20.18,19.93,20.44
5150.0,20.18,19.93,20.44
5200.0,20.18,19.93,20.44
5250.0,20.18,19.93,20.44
5300.0,20.18,19.93,20.44
5350.0,20.18,19.93,20.44
5400.0,20.09,19.91,20.27
5450.0,20.09,19.91,20.27
5500.0,20.09,19.91,20.27
5550.0,20.09,19.91,20.27
5600.0,20.09,19.91,20.27
5650.0,20.09,19.91,20.27
5700.0,20.09,19.91,20.27
5750.0,20.09,19.91,20.27
5800.0,20.09,19.91,20.27
5850.0,20.09,19.91,20.27
5900.0,20.09,19.91,20.27
5950.0,20.09,19.91,20.27
6000.0,20.09,19.91,20.27
6050.0,20.09,19.91,20.27
6100.0,20.09,19.91,20.27
6150.0,20.00,20.00,20.00
6200.0,20.00,20.00,20.00
6250.0,20.09,19.91,20.27
6300.0,20.09,19.91,20.27
6350.0,20.00,20.00,20.00
6400.0,20.00,20.00,20.00
6450.0,20.00,20.00,20.00
6500.0,20.00,20.00,20.00
6550.0,20.00,20.00,20.00
6600.0,20.00,20.00,20.00
6650.0,20.09,19.91,20.27
6700.0,20.09,19.91,20.27
6750.0,20.09,19.91,20.27
6800.0,20.09,19.91,20.27
6850.0,20.09,19.91,20.27
6900.0,20.09,19.91,20.27
6950.0,20.09,19.91,20.27
7000.0,20.09,19.91,20.27
7050.0,20.09,19.91,20.27
7100.0,20.09,19.91,20.27
7150.0,20.09,19.91,20.27
7200.0,20.00,20.00,20.00
7250.0,20.00,20.00,20.00
7300.0,20.00,20.00,20.00
