step,mean,ci_down,ci_up
0.0,202.00,202.00,202.00
50.0,316.50,316.50,316.50
100.0,518.50,518.50,518.50
150.0,720.50,720.50,720.50
200.0,922.50,922.50,922.50
250.0,1124.50,1124.50,1124.50
300.0,1326.50,1326.50,1326.50
350.0,1528.50,1528.50,1528.50
400.0,1730.50,1730.50,1730.50
450.0,1932.50,1932.50,1932.50
500.0,2134.50,2134.50,2134.50
550.0,2336.50,2336.50,2336.50
600.0,2538.50,2538.50,2538.50
650.0,2740.50,2740.50,2740.50
700.0,2942.50,2942.50,2942.50
750.0,3144.50,3144.50,3144.50
800.0,3346.50,3346.50,3346.50
850.0,3548.50,3548.50,3548.50
900.0,3750.50,3750.50,3750.50
950.0,3952.50,3952.50,3952.50
1000.0,4154.50,4154.50,4154.50
1050.0,4356.50,4356.50,4356.50
1100.0,4558.50,4558.50,4558.50
1150.0,4760.50,4760.50,4760.50
1200.0,4962.50,4962.50,4962.50
1250.0,5164.50,5164.50,5164.50
1300.0,5366.50,5366.50,5366.50
1350.0,5568.50,5568.50,5568.50
1400.0,5770.50,5770.50,5770.50
1450.0,5972.50,5972.50,5972.50
1500.0,6174.50,6174.50,6174.50
1550.0,6376.50,6376.50,6376.50
1600.0,6578.50,6578.50,6578.50
1650.0,6780.50,6780.50,6780.50
1700.0,6982.50,6982.50,6982.50
1750.0,7184.50,7184.50,7184.50
1800.0,7386.50,7386.50,7386.50
1850.0,7588.50,7588.50,7588.50
1900.0,7790.50,7790.50,7790.50
1950.0,7992.50,7992.50,7992.50
2000.0,8194.50,8194.50,8194.50
2050.0,8396.50,8396.50,8396.50
2100.0,8416.50,8416.50,8416.50
2150.0,8618.50,8618.50,8618.50
2200.0,8638.50,8638.50,8638.50
2250.0,8658.50,8658.50,8658.50
2300.0,8678.50,8678.50,8678.50
2350.0,8698.50,8698.50,8698.50
2400.0,8718.50,8718.50,8718.50
2450.0,8738.50,8738.50,8738.50
2500.0,8758.50,8758.50,8758.50
2550.0,8778.50,8778.50,8778.50
2600.0,8798.50,8798.50,8798.50
2650.0,8818.50,8818.50,8818.50
2700.0,8838.50,8838.50,8838.50
2750.0,8858.50,8858.50,8858.50
2800.0,8878.50,8878.50,8878.50
2850.0,8898.50,8898.50,8898.50
2900.0,8918.50,8918.50,8918.50
2950.0,8938.50,8938.50,8938.50
3000.0,8958.50,8958.50,8958.50
3050.0,8978.50,8978.50,8978.50
3100.0,8998.50,8998.50,8998.50
3150.0,9018.50,9018.50,9018.50
3200.0,9038.50,9038.50,9038.50
3250.0,9058.50,9058.50,9058.50
3300.0,9078.50,9078.50,9078.50
3350.0,9098.50,9098.50,9098.50
3400.0,9118.50,9118.50,9118.50
3450.0,9138.50,9138.50,9138.50
3500.0,9158.50,9158.50,9158.50
3550.0,9178.50,9178.50,9178.50
3600.0,9198.50,9198.50,9198.50
3650.0,9218.50,9218.50,9218.50
3700.0,9238.50,9238.50,9238.50
3750.0,9258.50,9258.50,9258.50
3800.0,9278.50,9278.50,9278.50
3850.0,9298.50,9298.50,9298.50
3900.0,9318.50,9318.50,9318.50
3950.0,9338.50,9338.50,9338.50
4000.0,9358.50,9358.50,9358.50
4050.0,9378.50,9378.50,9378.50
4100.0,9398.50,9398.50,9398.50
4150.0,9418.50,9418.50,9418.50
4200.0,9438.50,9438.50,9438.50
4250.0,9458.50,9458.50,9458.50
4300.0,9478.50,9478.50,9478.50
4350.0,9498.50,9498.50,9498.50
4400.0,9518.50,9518.50,9518.50
4450.0,9538.50,9538.50,9538.50
4500.0,9558.50,9558.50,9558.50
4550.0,9578.50,9578.50,9578.50
4600.0,9598.50,9598.50,9598.50
4650.0,9618.50,9618.50,9618.50
4700.0,9638.50,9638.50,9638.50
4750.0,9658.50,9658.50,9658.50
4800.0,9678.50,9678.50,9678.50
4850.0,9698.50,9698.50,9698.50
4900.0,9718.50,9718.50,9718.50
4950.0,9738.50,9738.50,9738.50
5000.0,9758.50,9758.50,9758.50
5050.0,9778.50,9778.50,9778.50
5100.0,9798.50,9798.50,9798.50
5150.0,9818.50,9818.50,9818.50
5200.0,9838.50,9838.50,9838.50
5250.0,9858.50,9858.50,9858.50
5300.0,9878.50,9878.50,9878.50
5350.0,9898.50,9898.50,9898.50
5400.0,9918.50,9918.50,9918.50
5450.0,9938.50,9938.50,9938.50
5500.0,9958.50,9958.50,9958.50
5550.0,9978.50,9978.50,9978.50
5600.0,9998.50,9998.50,9998.50
5650.0,10018.50,10018.50,10018.50
5700.0,10038.50,10038.50,10038.50
5750.0,10058.50,10058.50,10058.50
5800.0,10078.50,10078.50,10078.50
5850.0,10098.50,10098.50,10098.50
5900.0,10118.50,10118.50,10118.50
5950.0,10138.50,10138.50,10138.50
6000.0,10158.50,10158.50,10158.50
6050.0,10178.50,10178.50,10178.50
6100.0,10198.50,10198.50,10198.50
6150.0,10218.50,10218.50,10218.50
6200.0,10238.50,10238.50,10238.50
6250.0,10258.50,10258.50,10258.50
6300.0,10278.50,10278.50,10278.50
6350.0,10298.50,10298.50,10298.50
6400.0,10318.50,10318.50,10318.50
6450.0,10338.50,10338.50,10338.50
6500.0,10358.50,10358.50,10358.50
6550.0,10378.50,10378.50,10378.50
6600.0,10398.50,10398.50,10398.50
6650.0,10418.50,10418.50,10418.50
6700.0,10438.50,10438.50,10438.50
6750.0,10458.50,10458.50,10458.50
6800.0,10478.50,10478.50,10478.50
6850.0,10498.50,10498.50,10498.50
6900.0,10518.50,10518.50,10518.50
6950.0,10538.50,10538.50,10538.50
7000.0,10558.50,10558.50,10558.50
7050.0,10578.50,10578.50,10578.50
7100.0,10598.50,10598.50,10598.50
7150.0,10618.50,10618.50,10618.50
7200.0,10638.50,10638.50,10638.50
7250.0,10658.50,10658.50,10658.50
7300.0,10678.50,10678.50,10678.50
7350.0,10698.50,10698.50,10698.50
7400.0,10718.50,10718.50,10718.50
7450.0,10738.50,10738.50,10738.50
