step,mean,ci_down,ci_up
550.0,202.00,202.00,202.00
600.0,171.92,138.71,205.12
650.0,176.74,155.56,197.93
700.0,183.12,167.17,199.08
750.0,198.18,192.51,203.85
800.0,191.67,184.02,199.32
850.0,199.72,196.53,202.90
900.0,200.56,198.43,202.69
950.0,199.91,197.45,202.36
1000.0,199.22,196.49,201.95
1050.0,200.48,198.74,202.23
1100.0,198.70,196.49,200.91
1150.0,199.20,197.37,201.04
1200.0,198.12,196.27,199.98
1250.0,200.10,198.91,201.28
1300.0,200.16,199.10,201.22
1350.0,198.45,197.08,199.82
1400.0,200.31,199.41,201.21
1450.0,199.98,199.03,200.92
1500.0,200.66,199.92,201.40
1550.0,200.23,199.42,201.05
1600.0,200.86,200.21,201.51
1650.0,200.30,199.51,201.10
1700.0,200.48,199.73,201.23
1750.0,200.30,199.52,201.09
1800.0,200.61,199.91,201.32
1850.0,200.60,199.89,201.31
1900.0,200.91,200.29,201.53
1950.0,200.16,199.36,200.97
2000.0,200.06,199.23,200.90
2050.0,199.80,198.92,200.68
2100.0,199.44,198.49,200.39
2150.0,198.36,197.23,199.48
2200.0,197.99,196.81,199.17
2250.0,196.71,195.36,198.07
2300.0,195.36,193.85,196.86
2350.0,192.72,190.95,194.49
2400.0,190.86,188.93,192.78
2450.0,186.30,184.05,188.56
2500.0,182.98,180.52,185.44
2550.0,177.43,174.68,180.18
2600.0,174.43,171.54,177.31
2650.0,168.69,165.58,171.80
2700.0,160.96,157.60,164.32
2750.0,153.68,150.13,157.23
2800.0,147.76,144.08,151.44
2850.0,140.94,137.14,144.73
2900.0,136.66,132.80,140.52
2950.0,128.56,124.62,132.51
3000.0,121.28,117.28,125.28
3050.0,113.00,108.98,117.02
3100.0,106.81,102.80,110.83
3150.0,99.08,95.09,103.06
3200.0,93.25,89.31,97.20
3250.0,87.61,83.73,91.50
3300.0,82.34,78.52,86.15
3350.0,76.24,72.52,79.96
3400.0,70.69,67.08,74.30
3450.0,65.41,61.93,68.89
3500.0,60.13,56.80,63.47
3550.0,56.99,53.76,60.23
3600.0,55.31,52.13,58.49
3650.0,52.03,48.97,55.10
3700.0,48.48,45.56,51.41
3750.0,45.48,42.69,48.27
3800.0,41.66,39.05,44.26
3850.0,39.57,37.08,42.06
3900.0,36.02,33.74,38.30
3950.0,33.29,31.19,35.38
4000.0,31.56,29.60,33.52
4050.0,30.10,28.26,31.94
4100.0,28.46,26.77,30.16
4150.0,25.92,24.49,27.34
4200.0,24.91,23.61,26.22
4250.0,23.09,22.06,24.13
4300.0,22.46,21.53,23.39
4350.0,21.55,20.81,22.29
4400.0,20.91,20.34,21.48
4450.0,20.64,20.16,21.11
4500.0,20.36,20.01,20.72
4550.0,20.27,19.96,20.59
4600.0,20.09,19.91,20.27
4650.0,20.09,19.91,20.27
4700.0,20.00,20.00,20.00
4750.0,20.00,20.00,20.00
4800.0,20.00,20.00,20.00
4850.0,20.00,20.00,20.00
4900.0,20.00,20.00,20.00
4950.0,20.00,20.00,20.00
5000.0,20.00,20.00,20.00
5050.0,20.00,20.00,20.00
5100.0,20.00,20.00,20.00
5150.0,20.00,20.00,20.00
5200.0,20.00,20.00,20.00
5250.0,20.00,20.00,20.00
5300.0,20.00,20.00,20.00
5350.0,20.00,20.00,20.00
5400.0,20.00,20.00,20.00
5450.0,20.00,20.00,20.00
5500.0,20.00,20.00,20.00
5550.0,20.00,20.00,20.00
5600.0,20.00,20.00,20.00
5650.0,20.00,20.00,20.00
5700.0,20.00,20.00,20.00
5750.0,20.00,20.00,20.00
5800.0,20.00,20.00,20.00
5850.0,20.00,20.00,20.00
5900.0,20.00,20.00,20.00
5950.0,20.00,20.00,20.00
6000.0,20.00,20.00,20.00
6050.0,20.00,20.00,20.00
6100.0,20.00,20.00,20.00
6150.0,20.00,20.00,20.00
6200.0,20.00,20.00,20.00
6250.0,20.00,20.00,20.00
6300.0,20.00,20.00,20.00
6350.0,20.00,20.00,20.00
6400.0,20.00,20.00,20.00
6450.0,20.00,20.00,20.00
6500.0,20.00,20.00,20.00
6550.0,20.00,20.00,20.00
6600.0,20.00,20.00,20.00
6650.0,20.00,20.00,20.00
6700.0,20.00,20.00,20.00
6750.0,20.00,20.00,20.00
6800.0,20.00,20.00,20.00
6850.0,20.00,20.00,20.00
6900.0,20.00,20.00,20.00
6950.0,20.09,19.91,20.27
7000.0,20.09,19.91,20.27
7050.0,20.09,19.91,20.27
7100.0,20.09,19.91,20.27
7150.0,20.09,19.91,20.27
7200.0,20.09,19.91,20.27
7250.0,20.09,19.91,20.27
7300.0,20.09,19.91,20.27
7350.0,20.09,19.91,20.27
7400.0,20.09,19.91,20.27
7450.0,20.09,19.91,20.27
7500.0,20.09,19.91,20.27
7550.0,20.09,19.91,20.27
7600.0,20.00,20.00,20.00
7650.0,20.00,20.00,20.00
7700.0,20.00,20.00,20.00
7750.0,20.00,20.00,20.00
7800.0,20.00,20.00,20.00
7850.0,20.00,20.00,20.00
7900.0,20.00,20.00,20.00
7950.0,20.00,20.00,20.00
8000.0,20.00,20.00,20.00
