step,mean,ci_down,ci_up
8000.0,14.64,11.11,18.16
10000.0,16.17,13.38,18.95
12000.0,15.00,12.01,17.99
14000.0,16.64,13.80,19.49
16000.0,15.43,12.75,18.11
18000.0,20.14,17.71,22.57
20000.0,18.36,16.10,20.61
22000.0,18.71,15.60,21.83
24000.0,19.93,16.26,23.59
26000.0,17.33,14.52,20.15
28000.0,14.13,12.01,16.26
30000.0,16.87,14.15,19.58
32000.0,18.87,15.88,21.85
34000.0,18.20,16.78,19.62
36000.0,15.44,11.90,18.99
38000.0,13.58,11.34,15.81
40000.0,12.89,10.84,14.93
42000.0,13.10,11.59,14.62
44000.0,14.05,12.47,15.63
46000.0,16.26,14.72,17.79
48000.0,14.89,13.58,16.20
50000.0,16.35,14.74,17.95
52000.0,16.52,15.04,18.00
54000.0,16.59,15.05,18.13
56000.0,17.09,15.46,18.72
58000.0,18.24,16.62,19.86
60000.0,17.65,16.32,18.98
62000.0,18.80,17.24,20.37
64000.0,17.74,16.31,19.17
66000.0,17.17,15.69,18.65
68000.0,16.91,15.53,18.30
70000.0,16.79,15.30,18.28
72000.0,17.46,15.91,19.00
74000.0,17.88,16.32,19.43
76000.0,18.12,16.75,19.50
78000.0,16.31,14.84,17.77
80000.0,17.02,15.51,18.53
82000.0,17.74,16.37,19.11
84000.0,16.90,15.48,18.32
86000.0,17.28,15.92,18.64
88000.0,19.00,17.54,20.46
90000.0,17.58,16.07,19.09
92000.0,18.26,16.72,19.80
94000.0,18.38,17.01,19.75
96000.0,16.68,15.35,18.01
98000.0,16.64,15.34,17.94
100000.0,16.64,15.24,18.04
